291 329 273 311
8577 8709 8516 8686
5938 6030 5936 6022
4214 4115 4077 4045
1052 1056 1087 1033
1931 2025 2008 2040
2618 2653 2675 2679
4282 4335 4388 4415
71 99 90 88
906 889 922 938
2940 2996 3028 3135
793 723 768 753
1152 1139 1153 1086
7992 7942 7909 7815
5737 5722 5627 5648
383 434 406 396
6155 6240 6077 6136
6675 6693 6603 6611
498 586 524 532
3321 3468 3321 3362
5596 5540 5544 5482
9669 9594 9479 9400
2008 1984 1923 1920
576 551 539 578
6589 6515 6598 6664
424 437 447 431
881 887 906 866
4732 4716 4723 4850
5349 5256 5275 5297
5474 5427 5425 5442
1743 1704 1749 1683
92 93 117 96
471 488 477 486
8508 8268 8536 8409
5949 5782 5923 5892
1529 1424 1518 1470
2177 2036 2196 2053
1889 1750 1878 1824
2607 2730 2650 2757
34 31 31 34
4576 4804 4761 4844
4346 4485 4567 4549
2917 2929 2956 2800
5250 5366 5358 5253
1809 1883 1967 1953
2489 2445 2520 2487
953 929 952 1025
25 17 26 22
198 164 200 198
1059 1067 1139 1061
7793 7798 8020 7782
499 470 493 505
5918 5976 6011 6128
4087 4021 4000 4081
3285 3379 3338 3185
8709 8643 8635 8588
6613 6417 6328 6355
3151 3172 3126 3117
967 959 930 963
2674 2669 2595 2617
7716 7754 7732 7689
4360 4402 4443 4449
10319 10405 10340 10261
459 493 483 458
5182 5061 4996 5027
3816 3927 3893 3819
8382 8402 8436 8472
7162 7227 7250 7264
497 473 503 452
1178 1174 1151 1123
2889 3017 2916 2849
2939 3126 3043 3108
7235 7131 7166 7065
3699 3634 3676 3471
241 235 222 232
4640 4598 4560 4486
1213 1222 1179 1125
2950 3047 2997 2975
2967 3061 3002 2977
1465 1519 1490 1507
2124 2144 2128 2153
1521 1436 1476 1518
6157 6061 6083 6114
7681 7848 7603 7613
2722 2734 2641 2636
8287 8421 8238 8355
610 624 599 644
8828 8843 9099 8905
6939 6921 6725 6736
298 289 316 290
2605 2657 2609 2612
5847 5751 5784 5782
1682 1662 1638 1623
3233 3231 3233 3159
5506 5442 5425 5394
8123 8169 8271 8179
6117 6217 6164 6185
1864 1888 1952 1912
2458 2367 2391 2376
7329 7213 7255 7264
3064 3126 3043 3128
5568 5602 5604 5585
1485 1465 1452 1506
4609 4416 4553 4450
3349 3383 3381 3418
4638 4661 4757 4667
2354 2310 2394 2391
6348 6340 6379 6358
1343 1350 1335 1348
1854 1828 1721 1829
2319 2349 2230 2286
1497 1461 1548 1562
5855 5678 5725 5869
3348 3305 3193 3333
2679 2673 2473 2617
3293 3226 3053 3185
2266 2147 2123 2156
2957 2912 2941 3075
1042 1055 1015 1007
996 1042 1043 1043
3491 3473 3430 3469
5121 5099 5106 5149
5089 5085 5136 5152
2390 2432 2467 2373
7254 7334 7200 7264
1852 1900 1737 1846
3649 3560 3672 3691
5974 6000 6038 6012
5651 5685 5592 5619
3773 3736 3786 3742
2646 2646 2634 2687
536 542 590 583
7054 7041 6900 7205
2051 2079 2068 2106
2152 2043 2077 2040
7312 7435 7322 7233
4978 5020 4964 4898
5232 5125 5198 5124
260 254 256 277
6607 6647 6617 6751
3135 3171 3232 3182
3232 3268 3303 3253
4587 4664 4696 4724
3083 3083 3025 3041
207 231 210 235
2170 2181 2208 2184
922 853 887 970
3636 3593 3755 3788
2532 2486 2439 2359
6563 6409 6528 6262
1404 1361 1431 1473
2881 2977 2936 3074
8925 8933 8775 8873
168 143 164 159
1633 1749 1534 1662
4173 4136 4060 4187
2697 2686 2664 2597
505 484 506 532
7010 6925 6812 6739
9575 9496 9306 9353
4171 4165 4290 4246
474 421 474 450
375 376 384 382
1475 1479 1492 1515
877 859 800 792
6951 7054 7015 7032
9448 9537 9536 9498
8624 8709 8667 8688
6726 6708 6837 6770
4227 4315 4244 4212
5841 5937 5789 5888
508 528 519 498
3757 3765 3902 3881
7253 7187 7347 7270
7351 7327 7365 7361
4858 4864 4769 4880
2469 2415 2413 2360
7554 7542 7538 7482
243 254 273 282
3004 2986 2893 2930
2665 2734 2672 2780
1157 1212 1216 1218
1570 1588 1584 1571
1129 1103 1153 1154
751 734 752 755
2456 2529 2428 2464
7419 7451 7418 7360
839 821 804 825
1215 1184 1228 1175
4978 5016 5047 4894
4938 4966 4926 4904
4338 4319 4199 4272
191 216 232 214
7353 7226 7153 7157
1789 1785 1756 1746
5045 4990 4898 4908
5847 5842 5842 5808
8815 8839 8798 8773
4552 4480 4468 4482
6798 6842 6891 6878
7314 7434 7409 7458
7547 7571 7552 7588
8452 8522 8473 8461
4396 4458 4410 4404
3687 3649 3654 3720
2592 2544 2522 2574
1 0 1 1
2077 2083 2168 2094
3949 3891 3913 3807
2087 2109 2090 2047
1416 1424 1484 1465
4937 4961 4951 4807
5602 5475 5453 5414
5302 5285 5347 5186
5870 5773 5984 5774
2273 2268 2270 2239
2339 2322 2196 2218
2007 2104 1925 1967
3711 3705 3613 3559
5819 5813 5821 5807
10673 10671 10467 10609
2421 2371 2581 2546
375 397 362 380
6691 6808 6513 6629
7667 7667 7434 7488
6240 6243 6088 6057
3896 3945 3890 3795
445 398 400 406
151 140 158 159
1712 1604 1736 1642
5683 5855 5476 5619
1751 1777 1737 1728
40 44 37 51
3725 3853 3719 3839
5063 5038 5085 5057
2010 1974 1990 1886
29 19 32 31
8637 8691 8856 8863
9421 9431 9575 9515
3257 3238 3370 3180
4440 4476 4596 4538
476 460 429 427
3268 3277 3361 3449
9921 9713 9896 9931
1078 1067 1098 1069
6357 6365 6315 6353
3650 3533 3693 3681
3837 3943 3883 3885
2906 2997 2925 2949
700 724 716 686
325 345 354 380
2158 2203 2194 2268
9334 9468 9290 9280
99 113 108 112
3018 3101 3063 3177
8223 8315 8203 8407
7329 7383 7432 7361
6389 6409 6484 6357
6891 6836 6895 6899
13 16 11 14
1973 1956 2024 1918
2489 2320 2381 2270
10254 10061 10243 10043
3319 3270 3311 3382
6395 6486 6394 6404
753 802 761 807
6201 6192 6243 6214
7558 7591 7642 7659
5311 5263 5137 5158
4746 4695 4664 4663
783 796 767 760
3205 3200 3150 3146
559 523 579 540
5373 5354 5329 5172
1199 1193 1167 1171
3145 3145 3187 3233
318 312 307 294
2383 2318 2310 2223
5573 5466 5452 5497
9479 9443 9407 9301
3154 3106 3162 2971
1091 1147 1020 1053
5139 5191 5132 5121
7541 7552 7454 7558
4509 4651 4540 4508
7483 7638 7456 7429
7439 7484 7602 7387
1742 1722 1862 1770
500 515 534 508
1343 1357 1280 1342
7131 7118 7007 7058
5136 5055 5225 5177
26 26 25 28
1809 1887 1873 1832
2484 2482 2510 2469
3818 3798 3740 3668
8313 8382 8326 8425
1979 1846 1887 1862
2348 2432 2505 2446
9421 9421 9454 9447
4035 3969 3963 3955
4217 4289 4319 4335
1326 1296 1356 1396
6178 6143 6021 6087
4653 4766 4648 4616
5031 4877 5068 5031
1912 1932 1964 1917
256 280 304 273
3838 3762 3928 4001
5188 5214 5238 5328
4599 4687 4774 4651
1141 1122 1152 1138
6532 6544 6563 6369
5361 5446 5434 5354
3229 3309 3390 3256
746 725 713 737
872 897 855 857
5897 5787 5588 5766
1688 1653 1673 1667
768 775 799 721
4003 3957 3895 3882
532 515 541 538
5818 5887 5742 5837
6843 6776 6939 6826
9267 9352 9353 9188
3586 3525 3612 3703
6503 6562 6622 6704
4171 4248 4094 4334
6366 6392 6463 6510
3240 3205 3171 3200
2088 2041 2132 2046
6031 5945 5976 6110
8659 8672 8815 8766
4183 4134 4088 4081
9521 9330 9354 9329
6992 6847 6878 6794
8259 8114 8135 8070
1824 1906 1896 1901
1571 1588 1606 1620
207 206 232 212
3390 3511 3439 3490
1881 1943 1942 1953
421 434 488 465
4143 4142 4030 4203
1276 1191 1230 1166
560 508 524 578
52 56 52 57
7181 7082 7194 7166
1667 1741 1778 1716
442 481 480 456
6875 6879 6994 6949
3797 3787 3837 3904
6090 6034 6230 6042
5446 5555 5356 5486
5510 5478 5457 5351
9562 9402 9567 9505
3340 3302 3380 3437
6070 5758 5802 5944
4086 4021 4124 4177
2714 2621 2610 2744
6465 6478 6559 6532
2455 2554 2460 2444
8284 8434 8320 8229
319 332 316 337
656 689 688 714
1601 1514 1478 1565
4346 4369 4325 4389
3649 3443 3491 3678
467 478 465 479
894 851 795 902
7247 7025 7057 7173
4096 4138 4035 4102
1286 1272 1272 1272
4098 4192 4095 4174
7501 7312 7542 7466
4037 4010 4054 4039
3742 3721 3733 3729
1186 1187 1211 1102
3420 3407 3422 3362
8689 8796 8592 8728
6548 6641 6518 6576
247 252 249 269
6909 7024 6815 6865
6736 6515 6541 6617
5888 5798 5912 5829
101 95 111 92
1508 1528 1617 1544
2091 2203 2162 2181
4328 4351 4369 4460
9282 9394 9536 9474
2947 2983 3049 3021
400 361 383 389
183 200 206 199
1299 1257 1225 1323
114 100 90 99
2094 2042 2027 2012
4519 4628 4583 4480
7558 7792 7657 7473
724 807 780 753
5334 5400 5322 5250
3159 3244 3281 3195
7784 7719 7593 7795
9835 9671 9739 9912
10044 9900 9970 10196
1083 1039 1130 1111
448 484 472 449
8027 7704 8028 7959
582 521 508 590
3185 2961 2963 3117
1953 1854 1843 1892
714 718 691 668
6290 6211 6189 6180
3499 3455 3343 3489
2168 2187 2085 2207
3205 3309 3222 3344
3457 3625 3521 3510
9027 8938 8878 9056
3414 3405 3409 3504
9008 9052 8973 9093
8443 8558 8477 8468
3898 3935 3910 3960
5068 5267 5159 5176
3975 3941 4015 3963
4094 4279 4230 4210
4074 4188 4195 4117
4303 4433 4320 4367
2791 2864 2895 2850
6572 6619 6696 6532
64 67 60 77
1191 1324 1237 1245
5462 5344 5443 5426
4445 4282 4337 4369
9540 9518 9525 9537
6046 6133 5949 6153
1914 1943 1884 1888
3700 3507 3562 3485
8105 7949 8009 7896
3368 3319 3353 3384
7198 6990 7183 7073
5623 5733 5627 5753
5390 5344 5371 5377
3435 3355 3306 3371
9189 9095 9114 9165
3274 3251 3285 3317
1866 1867 1923 1843
8328 8110 8201 8313
6736 6612 6688 6768
6693 6570 6653 6727
4322 4322 4389 4421
8738 8573 8569 8732
3978 3895 3896 4016
5876 5848 5932 5820
855 885 880 876
1751 1791 1818 1754
2367 2457 2457 2371
5306 5279 5288 5175
4139 4116 4140 4057
3820 3820 3768 3729
10174 10234 10410 10063
1578 1607 1622 1652
5296 5313 5240 5261
9916 10081 10006 10032
1927 1942 1917 1966
6322 6316 6230 6237
6486 6530 6375 6355
669 708 706 673
451 421 389 382
271 280 259 246
3072 3098 3013 3034
1476 1442 1448 1455
97 101 101 100
1554 1624 1539 1531
3866 3960 4016 3876
7493 7588 7673 7591
1956 2032 2043 2009
5964 5887 5857 5894
1167 1236 1150 1163
1045 1032 1016 1008
5865 5773 5841 5833
6113 6074 6033 6075
1538 1526 1583 1535
466 448 466 466
1112 1092 1100 1113
10583 10509 10611 10679
5499 5401 5368 5517
4096 4153 4264 4205
1613 1611 1632 1611
351 359 345 369
3026 3027 2977 3093
1406 1487 1499 1466
604 580 570 530
8633 8427 8441 8406
1699 1625 1585 1556
2043 2074 2129 2053
1556 1599 1667 1601
1103 1089 1082 1137
4915 4874 4855 4986
2246 2218 2221 2203
5977 5789 5829 5928
1731 1665 1652 1747
4888 4989 4860 4895
554 566 550 572
1226 1256 1217 1181
6195 6208 6216 6251
3990 3894 3969 3989
630 654 635 636
579 550 587 567
4674 4707 4677 4641
4662 4715 4720 4720
7692 7635 7835 7664
7165 7109 7270 7211
902 859 846 873
8808 8715 8640 8662
327 350 329 341
3077 3082 3060 3048
942 868 860 906
6360 6371 6529 6406
5212 5176 5149 5249
2456 2416 2544 2464
3807 3847 3975 3834
1179 1245 1263 1247
3461 3598 3568 3501
1106 1100 1067 1104
2700 2729 2760 2675
3398 3477 3464 3376
2029 2074 2072 2056
828 839 855 833
9735 9793 9729 9858
1235 1307 1307 1304
3860 3995 3976 3845
2914 3041 3026 2919
6008 6195 6106 6025
1672 1734 1744 1696
6153 6188 6253 6085
7354 7563 7514 7257
5736 5846 5866 5760
9526 9744 9636 9450
40 32 37 42
8940 9033 8976 8832
1890 1948 1973 1868
3859 3799 3889 3801
1902 1932 1872 1900
2066 2093 2034 2043
6785 6619 6628 6676
59 64 56 52
6953 6999 6969 6989
3511 3494 3482 3468
3983 3914 3966 3973
3332 3329 3332 3321
2950 2736 2818 2811
7709 7551 7629 7621
6711 6752 6618 6783
7204 7312 7197 7343
2759 2655 2733 2719
5275 5445 5414 5450
1291 1258 1227 1349
4477 4426 4506 4598
2760 2670 2703 2695
5601 5440 5612 5591
1749 1671 1782 1748
491 450 475 485
6730 6669 6639 6663
3138 3009 2953 3088
3368 3198 3256 3391
2859 2900 2755 2856
7313 6999 7226 7178
1541 1440 1530 1538
7375 7289 7245 7265
6450 6186 6367 6366
38 52 57 56
845 758 822 803
5242 5159 5078 5135
3995 3861 3933 3949
1186 1064 1167 1113
9223 8979 9002 9135
2788 2755 2654 2820
4092 4089 4037 4058
7330 7355 7347 7254
186 180 179 200
3565 3485 3578 3371
5525 5574 5528 5636
118 115 129 122
1375 1444 1383 1410
5499 5583 5432 5548
8676 8496 8675 8546
100 97 95 81
5269 5361 5315 5398
2429 2459 2464 2408
1772 1738 1753 1743
7175 7029 7154 7148
1279 1188 1267 1235
7193 7152 7269 7175
4581 4640 4617 4457
5138 5176 5199 5147
6446 6487 6584 6499
7217 7332 7262 7242
1443 1465 1440 1436
172 173 166 153
35 23 30 25
225 218 226 216
667 724 711 694
106 99 119 94
728 760 728 710
9227 9327 9074 9232
4860 4850 4859 4886
964 957 907 970
5138 5067 5137 5243
2208 2233 2259 2311
3298 3337 3287 3369
2542 2630 2578 2659
505 484 518 515
812 838 819 839
3401 3519 3496 3540
2119 2062 2151 2003
680 695 732 695
4923 4807 4901 4806
3568 3426 3550 3561
1583 1566 1659 1618
2620 2542 2566 2565
6090 6132 6087 6205
5159 5143 5212 5183
3305 3344 3336 3388
9951 9809 9824 9868
3339 3263 3279 3327
1854 1956 1933 1883
1400 1486 1521 1463
3985 4010 4059 4077
2259 2301 2306 2257
9042 9106 9286 9199
2313 2245 2313 2353
5973 6159 6165 6109
4662 4718 4797 4694
319 324 298 333
932 970 903 891
1455 1452 1501 1488
5464 5333 5495 5484
4124 4145 4318 4253
360 353 356 327
728 789 730 814
4044 4164 4010 4119
3276 3308 3196 3250
4169 4249 4249 4154
7033 7215 7179 7095
6048 5918 5955 5972
7866 7777 7844 7843
5961 5957 6097 6031
5606 5552 5577 5547
5495 5446 5455 5480
565 563 564 571
2252 2208 2183 2273
4621 4622 4683 4696
3245 3225 3112 3224
428 439 391 429
9425 9363 9371 9559
2946 3023 2990 2946
1051 1053 1041 1054
5642 5712 5645 5579
298 294 300 320
5893 5739 5755 5756
4842 4928 4928 4836
5671 5644 5651 5597
3835 3974 3952 3922
3444 3485 3437 3281
2204 2132 2180 2122
4414 4461 4402 4419
4036 4083 4156 4216
7543 7562 7633 7790
1473 1471 1535 1543
7465 7520 7555 7679
1994 1954 2000 1932
7395 7524 7441 7469
2365 2327 2277 2253
4403 4381 4360 4380
3368 3423 3400 3401
2332 2420 2448 2477
9566 9489 9543 9636
1283 1292 1323 1323
1767 1801 1793 1885
1382 1403 1373 1452
350 326 331 339
7387 7314 7369 7384
8353 8280 8334 8339
399 424 447 388
9568 9636 9625 9577
8676 8718 8676 8609
5482 5438 5512 5470
3764 3770 3816 3739
650 633 656 621
3870 3884 3847 3929
1208 1192 1216 1259
2701 2749 2843 2813
7773 7786 7818 7884
1637 1566 1549 1653
1740 1758 1777 1751
5145 5140 5149 5274
6723 6764 6904 6729
5163 5129 5148 5230
691 654 695 649
3165 3170 3209 3157
4216 4238 4281 4276
2664 2669 2637 2702
2405 2289 2346 2331
6798 6462 6602 6609
2139 2080 2044 2139
7225 6912 6990 7101
5907 5755 5810 5804
2666 2624 2576 2662
2736 2659 2690 2661
4148 4066 4063 4020
6913 7085 7124 7003
8475 8749 8558 8659
5664 5671 5682 5862
219 209 205 202
3356 3196 3326 3215
6146 5872 6037 5945
5903 6036 6087 6031
9240 9387 9397 9467
3089 3138 3104 3309
1566 1566 1582 1562
4324 4411 4269 4222
5038 5003 5121 5172
6329 6369 6362 6410
7501 7629 7368 7409
3178 3182 3262 3185
6571 6598 6555 6412
383 412 404 391
5705 5788 5792 5631
916 1007 923 915
213 218 221 220
3152 3214 3186 3091
6054 6188 6023 6024
4529 4535 4688 4540
4783 4753 4752 4903
1384 1418 1327 1410
147 158 153 147
2505 2520 2599 2570
2537 2501 2523 2455
9277 9344 9306 9342
7328 7412 7441 7428
2624 2622 2583 2620
2464 2470 2420 2476
2163 2148 2093 2121
1331 1357 1273 1327
6783 6752 6687 6875
7607 7594 7626 7589
3807 3825 3839 3872
2599 2558 2593 2708
979 996 967 973
4267 4286 4377 4329
488 445 450 460
4273 4391 4406 4435
6396 6564 6646 6501
7619 7635 7651 7596
7092 6909 7057 7011
873 871 901 902
9372 9224 9402 9329
2044 2162 2102 2204
5923 5799 5817 5850
4906 4885 4932 5017
415 453 446 429
8640 8763 8746 8778
1200 1202 1272 1247
896 904 934 894
1917 1885 1897 1877
104 107 87 93
8613 8624 8669 8681
2566 2508 2506 2506
804 768 788 763
1302 1270 1284 1282
791 767 799 798
2738 2785 2684 2659
3018 3003 2966 3100
3271 3352 3421 3407
6170 6287 6242 6199
8504 8607 8428 8485
9223 9385 9349 9167
1387 1374 1373 1384
261 273 268 273
1021 1003 1000 991
8398 8264 8258 8291
6216 6087 6102 6163
1672 1684 1649 1723
1041 1007 1001 1047
3838 3794 3852 3766
129 104 92 117
558 553 551 576
517 543 552 530
273 288 265 283
3479 3647 3587 3559
3158 3085 3123 3143
1886 1842 1839 1875
598 604 601 613
4047 4177 4137 4092
4128 4127 4028 4088
5905 5853 5907 5982
4114 4059 4053 4062
3288 3178 3280 3201
2862 2951 2938 2936
3308 3185 3363 3321
3259 3153 3135 3202
2525 2592 2436 2485
3985 3909 4023 4000
1840 1957 1820 1817
1094 1154 1158 1108
835 904 823 850
6900 6915 7170 6872
4285 4296 4241 4424
6600 6619 6497 6696
6372 6457 6455 6560
4523 4628 4596 4650
4592 4632 4690 4719
2496 2439 2514 2542
740 772 774 733
4766 4651 4825 4727
6602 6746 6570 6594
2270 2311 2307 2287
2051 2104 2122 2104
2634 2679 2602 2664
6447 6347 6412 6456
4420 4490 4427 4366
796 837 799 857
4742 4881 4874 4823
3737 3827 3940 3842
4586 4631 4648 4459
3833 3834 3926 3830
3946 3938 4009 3920
230 240 246 221
2725 2717 2757 2775
2535 2500 2490 2602
4624 4689 4576 4582
8390 8519 8305 8391
4980 5035 5038 5056
160 196 192 186
7062 7442 7237 7204
797 738 801 801
1469 1479 1513 1380
8010 8069 8076 7906
1149 1153 1204 1190
8974 9007 9099 8896
470 507 501 501
1191 1209 1219 1201
8171 8266 8265 8301
5675 5630 5673 5561
4137 4150 4011 4020
3623 3532 3636 3589
1996 1988 1962 1968
3538 3577 3496 3534
3684 3558 3676 3619
3302 3354 3330 3237
8616 8634 8713 8766
7219 7287 7133 7312
1284 1241 1283 1318
4381 4239 4277 4217
45 67 57 52
4146 4284 4178 4250
88 115 118 117
8226 7936 8030 7936
10063 10123 10236 10102
2552 2516 2522 2450
3275 3157 3375 3240
9333 9370 9219 9261
1716 1773 1671 1690
2587 2516 2543 2418
5158 5195 5109 4972
8381 8352 8218 8323
2871 2779 2746 2729
5731 5734 5726 5657
4061 4149 4052 3989
4345 4288 4402 4326
8045 7975 8265 8176
5412 5355 5550 5515
6801 6662 6518 6622
4082 4166 4133 4115
1302 1267 1334 1240
8459 8440 8500 8487
5735 5651 5772 5775
6430 6536 6475 6442
7623 7654 7551 7568
2309 2254 2324 2223
1437 1517 1386 1397
4377 4551 4419 4433
664 622 663 670
3895 4107 3935 3955
8834 8878 8841 8802
7687 7823 7653 7633
1050 1040 1028 1033
3473 3539 3503 3623
5484 5496 5486 5572
848 883 834 832
7275 7500 7517 7673
9657 9943 9906 10096
917 895 911 882
2181 2176 2288 2201
8845 8636 8882 8672
86 88 100 86
1587 1571 1602 1593
5423 5408 5426 5403
5440 5325 5345 5292
9061 9014 8995 9009
6202 6237 6167 6223
4923 4917 4849 4876
2084 2021 2020 1999
9325 9237 9431 9092
4478 4431 4549 4306
9160 9090 9227 9008
3682 3537 3669 3509
5287 5133 5302 5086
6286 6083 6349 6063
2365 2374 2399 2357
95 100 108 85
196 180 206 213
1738 1746 1800 1792
5901 5875 5767 5921
7188 7160 6977 7185
7490 7511 7484 7731
1464 1477 1535 1568
717 715 752 729
996 966 966 996
6852 6780 6775 6869
2646 2568 2762 2610
9233 9085 9241 9165
8494 8379 8526 8420
2842 2937 2790 2828
8773 8744 8900 8683
1902 1952 1963 1931
329 386 348 369
3825 3684 3789 3732
241 221 216 226
2222 2331 2283 2309
991 975 965 1011
6552 6302 6419 6375
2984 3108 3024 3031
1984 1981 2020 1950
3162 3187 3220 3191
3633 3622 3630 3723
1505 1511 1462 1503
1226 1192 1177 1199
5614 5645 5504 5646
2684 2627 2657 2695
2540 2504 2525 2496
1428 1436 1480 1452
5284 5395 5338 5455
3213 3189 3258 3198
3757 3689 3734 3563
3757 3870 3853 3903
3356 3296 3220 3264
5648 5628 5547 5619
1597 1551 1624 1563
918 945 915 931
240 259 246 276
2478 2547 2454 2548
10090 10069 10076 9994
1697 1581 1681 1639
870 899 863 882
5459 5558 5552 5688
3003 3000 2986 3023
2610 2599 2615 2649
258 292 288 309
2956 2926 2791 2874
5418 5431 5451 5502
2020 2066 1949 1972
6031 6031 6081 6139
1769 1793 1732 1713
4702 4743 4696 4762
1490 1552 1492 1547
6889 6715 6579 6616
875 839 856 762
7174 7116 6958 6899
2050 1971 1959 1952
1460 1527 1541 1502
6917 7057 7000 6802
6528 6637 6781 6575
673 658 663 649
210 222 213 198
2843 2887 2891 2979
5724 5662 5657 5721
2109 2118 2076 2094
2659 2671 2607 2657
5369 5285 5257 5249
6909 6685 6819 6726
6079 5834 6007 6021
147 147 148 148
2340 2313 2321 2367
5995 6058 5960 5985
848 849 859 913
528 458 518 470
3201 3275 3275 3232
593 567 606 643
1873 1943 1883 1842
5709 5768 5764 5867
1340 1310 1314 1356
2088 2177 2124 2158
2279 2284 2315 2408
5797 5803 5691 5812
2104 2204 2148 2199
6650 6631 6571 6674
5443 5406 5281 5454
4106 4068 4011 4066
3182 3070 3110 3012
5809 5825 5895 5865
3858 3797 3825 3844
319 296 300 325
7702 7835 7783 7655
4132 4279 4109 4179
1606 1682 1655 1660
6554 6628 6660 6681
4663 4649 4750 4687
2389 2400 2424 2474
4592 4567 4602 4485
1185 1240 1159 1157
1123 1186 1124 1091
4009 4035 4023 3927
6379 6159 6178 6129
2169 2261 2242 2259
6336 6250 6421 6306
7535 7391 7528 7360
3980 4030 4083 4025
4503 4497 4328 4546
4748 4856 4841 4866
379 364 375 386
7225 7347 7334 7557
1480 1542 1479 1476
4200 4060 4182 4140
8895 8698 8900 8808
1364 1297 1367 1308
5285 5303 5136 5267
3173 3194 3100 3126
5635 5653 5481 5459
2328 2319 2236 2335
97 110 91 114
2596 2650 2635 2630
5847 5756 5658 5719
7847 7522 7645 7498
3622 3614 3493 3497
6128 6190 6121 6116
4757 4800 4923 4981
3300 3331 3343 3345
4135 4134 4184 4086
7584 7687 7707 7773
5281 5294 5342 5330
5453 5388 5522 5488
3715 3862 3777 3812
7373 7603 7508 7683
7555 7577 7483 7764
8236 8275 8140 8582
4030 4167 4015 4292
6382 6223 6301 6325
3471 3443 3453 3571
380 348 347 387
3447 3504 3474 3537
5766 5884 5994 6031
3641 3527 3557 3639
2041 1929 2144 2051
3294 3289 3285 3334
3496 3399 3415 3474
1769 1770 1819 1754
1586 1629 1605 1620
2462 2542 2614 2554
2408 2456 2426 2476
230 246 253 241
5737 5912 5816 5807
7768 7750 7741 7756
4017 3951 4020 3905
9015 8733 8978 8765
2008 2046 2015 2026
3345 3363 3438 3285
2587 2419 2506 2482
7560 7486 7639 7602
337 294 295 313
7551 7475 7522 7578
1146 1173 1160 1115
2920 2947 2918 2916
1322 1322 1339 1286
1609 1660 1667 1656
4255 4162 4253 4214
8066 8213 8206 8240
2295 2321 2336 2284
8098 8107 8118 8128
5019 5224 5118 5195
585 549 568 561
684 692 683 648
1772 1668 1739 1700
7800 7829 7973 7881
6724 6844 6932 6786
1670 1679 1685 1673
1454 1453 1479 1476
3708 3791 3782 3878
4521 4366 4369 4430
6939 6931 6814 6833
1947 2035 2003 1974
1716 1690 1685 1774
108 79 114 68
6926 7039 7104 6871
1172 1196 1247 1180
7274 7423 7466 7254
292 281 290 287
511 530 510 507
3191 3148 3202 3204
7010 6776 6938 6857
6839 6694 6923 6725
254 261 249 268
4183 4217 4109 4250
2717 2629 2702 2635
2955 2901 3019 2868
28 26 34 28
4587 4562 4612 4637
548 565 538 528
504 543 532 555
877 826 845 830
7988 7885 7974 7865
345 321 347 325
7170 7244 7247 7372
10707 10609 10796 10824
4084 4054 4012 4130
8610 8592 8637 8775
4712 4683 4622 4734
1366 1317 1340 1321
5197 5101 5208 5130
3124 3066 3206 3181
6676 6492 6635 6678
7743 7835 7801 7687
5401 5565 5524 5423
3008 2948 2920 2957
1147 1108 1076 1126
6199 6281 6102 6295
653 685 692 648
2058 2038 1961 2103
2320 2285 2236 2355
423 415 401 440
3931 3808 3845 3903
2608 2537 2489 2654
6833 6663 6685 6706
4603 4495 4502 4563
4290 4279 4363 4190
4070 4159 4116 4144
7315 7266 7297 7124
4698 4685 4702 4649
6059 5960 6019 5936
1063 1052 1090 1003
3265 3239 3284 3279
2118 2058 2102 2112
6028 5979 6131 5941
5077 5103 5202 5057
2690 2683 2652 2689
2381 2275 2212 2280
433 418 429 417
8639 8807 8447 8692
3395 3335 3299 3350
5898 5756 5952 5819
3562 3500 3596 3502
3018 2948 3020 2962
1570 1528 1574 1533
6950 6888 7013 6976
1621 1680 1748 1766
5914 5876 5929 5945
4783 4794 4753 4736
5300 5404 5263 5252
714 723 657 698
3905 3936 3934 3873
6649 6614 6616 6696
2348 2325 2360 2319
978 976 980 916
2088 2186 2110 2174
5319 5305 5286 5306
2315 2306 2351 2213
1699 1696 1688 1691
2372 2390 2409 2354
839 837 818 814
8984 9042 8962 8835
5868 5856 5877 5850
1361 1354 1336 1279
6554 6509 6526 6512
673 613 685 678
91 93 73 102
361 377 446 401
2271 2284 2279 2297
3603 3670 3516 3676
2890 2973 2881 2966
9534 9707 9549 9813
1276 1327 1331 1342
4428 4468 4516 4543
2179 2141 2199 2084
4035 3995 4022 3971
7597 7546 7676 7610
5992 5997 6045 6007
2665 2687 2684 2576
2569 2530 2525 2547
728 708 727 719
721 717 727 720
5553 5557 5618 5502
1531 1547 1485 1503
8664 8730 8650 8733
474 506 469 484
1583 1587 1529 1587
1629 1665 1615 1585
162 178 144 157
2011 2010 2034 1944
1422 1545 1470 1486
1183 1236 1174 1200
1377 1347 1420 1329
360 350 392 367
674 676 702 697
1540 1457 1499 1594
492 539 514 480
8868 8827 8664 8863
67 73 75 71
7780 7905 7952 7866
2750 2715 2696 2791
6469 6709 6580 6624
2426 2448 2406 2415
3335 3352 3414 3291
8005 8125 8160 8148
5785 5779 5842 5802
8712 8367 8593 8661
2190 2299 2314 2266
3227 3298 3404 3259
6696 6736 6700 6576
1070 1135 1074 1092
1387 1381 1403 1391
2398 2498 2377 2388
6239 6337 6183 6219
1105 1056 1104 1063
5484 5534 5523 5614
6634 6619 6596 6521
5754 5726 5726 5661
3956 3900 3987 3890
3715 3625 3704 3637
3563 3553 3615 3510
2153 2083 2134 2125
8905 8891 8839 9072
4436 4589 4535 4511
2220 2230 2299 2254
2764 2582 2711 2626
997 1001 1001 976
540 569 541 575
357 370 345 348
2774 2975 2856 2923
2440 2378 2472 2339
2172 2192 2281 2197
861 879 848 946
870 871 890 889
1200 1266 1268 1232
295 317 281 303
8249 8160 8256 8326
1996 1948 1953 1987
645 637 672 675
49 54 50 48
2691 2668 2634 2713
5667 5604 5655 5586
1993 2138 2047 1954
1402 1421 1437 1406
6773 6546 6612 6611
3529 3507 3544 3569
2951 2886 2991 2998
1316 1310 1339 1348
6320 6327 6373 6371
6229 6207 6151 6141
6137 6254 6185 6091
171 206 184 209
747 779 746 719
5125 5033 5093 5142
2651 2580 2679 2659
1733 1774 1749 1678
8112 7955 7944 8017
649 606 606 617
2754 2707 2767 2767
3274 3261 3315 3320
4408 4431 4393 4347
7779 7864 7762 7787
4686 4606 4692 4534
5203 5052 4975 5123
2257 2248 2255 2211
4883 4965 4953 4975
708 690 668 711
110 97 109 106
2645 2708 2700 2758
5789 5598 5644 5730
764 729 700 761
6328 6488 6356 6300
7478 7605 7381 7450
1996 2048 2002 1959
8141 8056 8117 7962
2788 2702 2791 2784
1379 1328 1325 1405
1731 1723 1793 1749
646 645 666 625
870 900 830 877
523 489 540 491
924 882 847 890
4231 4359 4288 4279
4687 4772 4703 4705
5752 5676 5647 5836
4805 4777 4712 4759
1315 1298 1265 1287
76 58 66 52
2240 2317 2169 2231
5831 5967 5839 5851
6134 6184 6150 6127
2944 2880 2895 2924
1451 1466 1489 1551
2106 2189 2083 2081
995 1031 990 979
2265 2172 2197 2167
2204 2090 2162 2074
3381 3341 3388 3368
497 486 485 530
10199 10317 10225 10384
2660 2704 2679 2722
3221 3193 3241 3181
2926 2832 2884 2851
4668 4641 4675 4635
8468 8691 8525 8545
4317 4242 4231 4268
1017 1059 1029 1051
1249 1252 1235 1220
687 655 731 688
2327 2324 2358 2389
4804 4628 4719 4588
4613 4628 4677 4698
2837 2833 2834 2831
1875 1845 1797 1859
129 131 134 121
1881 1834 1853 1840
1485 1475 1520 1485
4468 4544 4435 4564
2634 2600 2618 2637
1223 1258 1221 1206
5426 5570 5476 5534
4002 4054 4064 4056
2249 2301 2220 2320
3219 3191 3109 3294
1125 1153 1145 1131
1633 1632 1639 1620
1722 1764 1791 1817
350 323 342 353
837 861 875 844
3752 3713 3760 3762
1751 1761 1709 1792
7887 7805 8093 7843
1387 1394 1392 1437
8642 8627 8890 8676
8123 8042 8339 8091
481 477 516 455
2918 2871 2982 2906
1574 1565 1553 1603
2166 2182 2163 2269
6576 6493 6546 6540
1997 1923 2003 1961
1920 1902 1906 1985
3326 3364 3303 3324
1860 1863 1868 1940
7286 7095 7164 7214
4664 4498 4563 4550
3961 3898 3815 4055
3246 3113 3115 3077
4086 4283 4143 4288
6560 6644 6606 6527
1785 1858 1755 1783
7778 7958 7824 7828
1073 1107 1148 1126
6334 6362 6333 6226
2139 2213 2163 2128
3909 3838 3789 3972
2773 2716 2761 2757
6519 6628 6626 6557
8275 8106 8115 8357
2558 2396 2401 2481
1233 1171 1146 1198
1400 1449 1442 1429
1785 1856 1808 1792
7598 7487 7375 7578
3315 3323 3460 3267
1294 1312 1223 1194
2435 2447 2458 2480
6965 6977 7086 6968
684 658 669 697
2553 2459 2528 2537
2895 3013 3022 2934
1129 1107 1097 1138
5918 5999 5991 5994
3925 3877 3743 3807
6058 6150 6038 6130
5538 5585 5694 5608
2924 2910 2852 2884
3887 3869 3850 3986
1832 1923 1887 1905
7221 7297 7244 7152
1161 1120 1143 1140
6035 6035 5991 5997
3010 3002 3012 3030
5186 5316 5212 5255
1243 1287 1274 1293
8742 8621 8547 8725
8072 7959 7980 8112
3099 3073 3013 3096
1275 1320 1296 1338
4866 5072 5109 4959
689 694 695 732
694 700 713 732
123 143 159 106
7740 7558 7760 7677
4377 4413 4363 4391
2887 2948 2891 2978
4770 4872 4780 4789
2186 2272 2210 2135
4126 4091 4124 4026
8492 8542 8472 8459
5458 5479 5512 5490
210 234 231 199
614 618 562 695
5272 5258 5383 5422
7373 7393 7539 7439
8422 8480 8561 8514
4590 4458 4511 4583
3496 3833 3593 3576
5836 5741 5944 5765
665 631 667 665
692 725 688 717
6533 6545 6559 6594
602 535 575 558
1892 2008 1983 2014
972 934 917 941
9456 9560 9508 9687
605 610 614 611
7418 7463 7616 7430
3885 3928 3979 3901
2061 2004 1954 2100
714 731 690 672
3255 3173 3341 3224
7838 7646 7717 7688
2419 2450 2357 2395
8153 7934 8071 8030
2702 2643 2673 2632
6690 6599 6573 6662
6101 6082 6037 6047
316 354 303 316
7177 7073 6968 7026
2763 2759 2721 2847
67 67 63 65
1344 1389 1377 1375
2144 2150 2112 2155
229 198 209 203
9722 9746 9914 9831
2143 2132 2139 2151
4917 4966 4996 4902
5874 5875 5867 5747
9523 9317 9280 9263
4788 4761 4716 4683
2328 2400 2346 2371
4846 4908 4990 4860
3417 3532 3584 3413
9621 9737 9706 9438
7134 7274 7248 6988
1013 1069 1076 1032
7119 7263 7289 7122
2341 2425 2282 2311
1581 1554 1561 1621
5292 5206 5277 5311
6760 6743 6640 6771
1164 1179 1119 1168
6067 5911 6035 6017
9204 9064 9108 9261
902 862 951 949
3883 3853 3887 3846
3449 3461 3583 3477
4923 4916 4792 4908
1251 1324 1201 1209
50 52 54 64
6335 6408 6360 6368
6156 6224 6173 6229
6313 6438 6380 6392
3218 3118 3095 3186
6922 6866 6844 6838
2109 2100 2038 2127
7295 7306 7367 7301
2909 2913 2883 2897
3844 3851 3904 3866
3510 3418 3588 3590
8485 8247 8531 8458
753 748 770 741
2219 2187 2209 2226
1381 1324 1373 1375
1611 1614 1628 1597
6171 6200 6112 6247
2125 2136 2075 2141
6078 5895 6046 5906
2014 2022 2026 1965
10119 10078 10060 10203
5751 5801 5763 5868
5191 5294 5235 5270
7899 7851 7936 7865
5304 5377 5316 5393
587 594 562 581
3877 3765 3752 3883
2618 2648 2597 2549
982 969 972 1026
3300 3391 3384 3304
2864 2979 2965 2905
163 175 187 164
1952 1882 1974 1941
1415 1430 1387 1416
3479 3510 3527 3522
5590 5539 5585 5683
2943 2954 2945 2981
1953 1893 1873 1935
5602 5549 5796 5540
3641 3612 3600 3555
5947 5827 5804 5774
6183 5965 5983 5917
1518 1543 1503 1561
3672 3772 3681 3718
151 133 135 123
3209 3293 3308 3274
1484 1484 1510 1440
6101 6043 5942 6035
7564 7619 7596 7616
3807 3949 3871 3925
2309 2449 2333 2425
8702 8917 8808 8864
759 761 762 726
1480 1555 1555 1606
8244 8404 8380 8283
2383 2312 2291 2222
1229 1235 1251 1292
5291 5222 5248 5226
5129 5142 5190 5022
1402 1459 1349 1408
1359 1311 1349 1339
5 6 5 5
2783 2761 2679 2805
8264 8229 8090 8434
2554 2634 2648 2639
555 578 607 591
7305 7178 7382 7288
3914 3813 4001 3918
1928 1889 1904 1917
2041 2098 2020 2055
3018 3013 3008 3020
2103 1997 2010 1978
2883 2781 2861 2845
1665 1660 1714 1737
8618 8492 8459 8549
4104 4115 4024 4113
4667 4571 4568 4629
6874 6797 6677 6764
1563 1548 1603 1510
553 551 519 554
2477 2609 2559 2636
3018 3092 2839 3026
6261 6339 6036 6214
2315 2325 2438 2343
1128 1157 1149 1208
1041 997 1074 1013
3689 3703 3649 3619
1790 1810 1812 1779
234 222 219 214
3465 3464 3343 3465
4786 4804 4727 4821
1888 1888 1974 1927
3380 3408 3392 3524
2073 2132 2104 2143
3350 3317 3254 3249
1568 1596 1538 1553
1595 1583 1529 1487
2240 2290 2226 2229
7964 8112 8014 7856
2926 2977 2925 2911
1011 1023 1010 1000
216 228 209 241
4891 4891 4812 4991
511 468 524 496
2363 2290 2299 2271
1845 1886 1836 1954
999 1009 1001 942
2486 2577 2533 2482
679 716 716 698
7081 7172 7054 7039
4244 4226 4237 4278
8081 8029 8045 8041
3489 3424 3468 3353
8672 8761 8724 8811
5403 5480 5515 5477
39 34 46 51
3836 3822 3701 3837
5607 5536 5667 5648
1383 1454 1363 1430
10059 10160 10216 9981
1684 1673 1603 1618
8004 8115 8007 7994
1482 1561 1467 1502
5059 4998 4952 4987
1352 1338 1298 1343
1911 1901 1845 1891
1391 1342 1297 1406
3724 3682 3711 3747
571 523 564 562
419 361 383 420
3963 3918 3848 3956
969 926 944 931
1296 1247 1287 1271
2712 2635 2615 2653
8244 8217 8202 8162
1842 1955 1912 1907
7944 7981 7897 7753
1876 1982 1911 1935
5863 5962 5809 5822
911 858 894 825
893 854 886 871
1142 1122 1159 1173
2192 2207 2201 2183
1880 1899 1912 1869
2048 2052 1945 2001
3412 3499 3309 3394
6548 6471 6355 6497
7745 7746 7719 7890
2735 2668 2754 2696
3873 3873 3964 3865
8561 8671 8684 8686
758 743 694 716
6329 6271 6227 6208
6151 6114 6115 6109
770 780 733 744
10652 10479 10487 10575
5412 5452 5334 5501
3999 4037 3961 4072
7244 7045 7119 7148
922 933 897 934
1328 1350 1242 1359
1686 1647 1663 1669
7054 6864 7132 7025
1698 1575 1669 1625
9399 9373 9289 9240
2537 2536 2470 2481
1158 1136 1151 1211
6620 6631 6568 6596
1081 975 1044 1064
2187 2071 2112 2099
4016 3799 3916 3805
6359 6332 6405 6390
5960 5999 5980 6016
8193 8254 8089 8265
6455 6415 6374 6600
947 939 973 982
6946 6727 6736 6810
1121 1086 1117 1131
5583 5419 5533 5472
431 438 460 431
2556 2472 2494 2475
3075 3121 3054 3104
4482 4377 4465 4353
5032 4982 5084 4915
584 558 589 543
4646 4707 4821 4818
1847 1927 1976 2056
9703 9704 9828 9738
1534 1492 1582 1527
2145 2107 2196 2119
3901 3968 3854 3960
6729 6711 6683 6740
3409 3452 3445 3407
2926 2947 2918 2925
1371 1411 1452 1479
125 113 138 125
1614 1633 1691 1607
10072 10147 9985 10020
5338 5347 5381 5338
4508 4672 4489 4516
6388 6273 6339 6403
249 260 243 248
282 248 293 259
9271 9172 9237 9263
255 240 275 249
2057 2083 2095 2081
144 131 139 173
1018 989 1036 1049
863 792 805 915
1613 1566 1515 1553
445 486 515 454
10211 10129 9996 10201
3837 3865 3923 3956
4752 4845 4909 4952
2741 2728 2731 2791
2338 2341 2281 2349
5898 5881 5758 6017
1926 1883 1881 1939
1458 1344 1339 1355
4251 4323 4262 4154
1999 2061 2062 2125
7038 7170 7037 7092
1889 1979 1976 1939
3240 3130 3338 3232
2345 2345 2402 2294
1124 1131 1081 1066
8235 8450 8409 8421
1342 1365 1339 1343
2136 2162 2217 2074
7890 7893 7937 7922
1887 1884 1940 1805
3172 3316 3165 3165
1318 1361 1309 1363
2356 2380 2478 2400
2581 2498 2621 2658
3742 3819 3772 3808
9070 9075 9168 9039
563 564 538 522
708 731 758 729
146 145 137 142
674 710 732 708
2870 2887 2987 2981
3119 3079 3095 3043
7452 7364 7464 7579
185 174 197 174
3359 3179 3169 3317
2494 2462 2527 2451
8501 8526 8509 8385
2562 2512 2563 2506
6722 6678 6612 6788
68 72 60 67
3593 3709 3839 3670
1665 1586 1578 1655
519 551 572 535
2587 2637 2662 2696
8005 7955 8048 8095
8110 8152 8047 8263
4849 4915 4931 4981
1362 1382 1434 1402
2971 2850 2950 2968
4671 4604 4633 4554
1081 1153 1157 1144
1718 1806 1796 1722
5991 5989 6056 5940
171 185 210 165
1608 1591 1660 1628
1125 1123 1049 1161
9153 9040 9090 9335
5371 5362 5439 5557
5116 4921 4999 5089
7555 7389 7540 7654
3315 3441 3454 3474
5163 5167 5166 5276
2043 2103 2018 2106
2855 2748 2750 2894
4768 4722 4680 4658
2476 2370 2385 2444
1576 1460 1561 1571
2403 2425 2364 2374
6001 5932 5973 5987
5578 5736 5627 5704
2522 2480 2525 2491
833 880 901 875
6415 6522 6420 6568
280 248 246 265
4491 4567 4562 4551
4578 4661 4488 4649
9694 9851 9629 9784
3127 3105 3032 3142
1159 1142 1161 1197
3230 3254 3274 3303
10187 10368 10215 10180
5456 5634 5515 5567
1304 1303 1296 1333
8073 8007 8017 8213
1180 1208 1199 1212
9313 9569 9372 9421
9270 9497 9352 9309
134 136 146 142
4850 4821 4749 4855
1603 1587 1631 1628
4405 4362 4445 4425
2147 2143 2208 2151
5790 5873 5822 6039
1856 1927 1810 2008
7115 6971 7165 7085
6003 5834 6094 5811
6805 7091 7074 6950
813 858 914 802
4183 4131 4114 4047
1154 1190 1249 1121
3723 3690 3743 3573
6576 6762 6542 6519
1358 1297 1367 1300
6161 6105 6180 6209
3091 3126 3052 3143
2023 1984 1979 1949
64 37 43 46
7395 7326 7145 7500
2728 2705 2589 2822
2008 1936 1870 2066
2328 2230 2229 2352
10377 10186 10360 10216
5723 5901 5759 5817
6810 6908 6739 6911
8898 8907 8736 8959
228 229 197 228
1410 1330 1370 1361
3617 3661 3733 3672
2403 2417 2479 2464
3757 3710 3707 3826
2411 2494 2467 2437
6783 6931 6877 6852
5444 5259 5496 5390
8729 8883 8959 8800
766 812 767 772
486 477 420 450
4966 4909 5020 5095
4563 4542 4603 4664
3095 3112 3168 3156
2022 1952 1978 2028
634 617 641 639
2125 2162 2099 2108
3719 3624 3655 3765
6903 6774 6754 6799
1000 908 1004 1019
4195 4192 4200 4267
551 498 547 578
5305 5241 5276 5269
936 918 960 904
1608 1702 1703 1663
4300 4253 4231 4266
436 406 421 446
1979 1913 1997 2029
1106 1029 1018 1046
906 914 889 916
5397 5220 5271 5315
3428 3502 3517 3463
2959 3005 3003 2939
5823 5676 5905 5721
930 949 959 975
110 124 123 108
3817 3987 3862 4031
2492 2407 2416 2473
3670 3694 3676 3648
1364 1364 1323 1357
9648 9283 9428 9480
5932 5824 5727 6144
1463 1538 1571 1437
1613 1646 1661 1709
153 163 178 206
5595 5542 5572 5491
4797 4800 4800 4722
7709 7831 7897 7723
4201 4227 4287 4242
3644 3703 3774 3587
5409 5489 5498 5348
3047 3009 3007 3007
5146 5184 5260 5166
586 573 573 502
3773 3591 3626 3762
2427 2430 2393 2445
4632 4696 4825 4648
8755 8942 8962 8592
3554 3430 3349 3396
4601 4465 4383 4633
6373 6428 6457 6324
4077 4168 4172 3990
3432 3565 3606 3351
2827 2731 2637 2868
810 862 836 798
4286 4425 4394 4373
2215 2304 2342 2170
2944 2967 3002 2981
7568 7750 7702 7653
212 193 214 197
4799 4962 4925 4833
588 609 593 568
895 858 880 909
733 699 740 780
9205 9448 9401 9245
6092 6195 6109 5958
12 13 10 12
3834 3999 4025 3889
6228 6293 6251 6362
8256 8282 8213 8398
5299 5365 5267 5460
3963 3906 3990 3915
1806 1746 1780 1766
1662 1697 1648 1663
4157 3965 4163 3974
3390 3339 3377 3377
2340 2233 2277 2283
508 549 502 534
2735 2704 2771 2717
1985 1980 2011 2001
5055 5078 5114 5020
1547 1584 1583 1656
1773 1770 1766 1709
5285 5201 5314 5135
4910 4768 4732 4890
2675 2540 2624 2575
1678 1652 1672 1615
5537 5540 5554 5621
3201 3081 3085 3071
5954 5890 5916 5941
3938 3814 3785 3858
446 410 427 407
512 515 523 522
10014 9805 9924 9976
2123 2147 2133 2145
5701 5678 5561 5725
4730 4665 4591 4699
7653 7666 7536 7678
7301 7130 7071 7298
2095 2067 1993 2068
5977 5872 5908 5983
6294 6143 6316 6269
7577 7440 7605 7574
7440 7318 7376 7422
2748 2788 2764 2757
4067 4123 4162 4077
2469 2535 2525 2511
8124 8148 8100 8210
7408 7403 7450 7471
2833 2776 2820 2855
2526 2508 2477 2538
2704 2658 2779 2722
2626 2552 2538 2599
584 555 545 583
2008 2040 2028 2034
3063 3174 3073 3068
3899 3951 3933 3854
1306 1405 1425 1357
3703 3715 3682 3614
3401 3443 3391 3345
4335 4393 4384 4242
2736 2881 2739 2764
3268 3230 3219 3191
628 602 587 605
2728 2646 2807 2671
7723 7649 7688 7494
2226 2261 2133 2220
8407 8310 8342 8155
5978 5883 5950 5777
1024 1044 1052 1026
1460 1456 1420 1435
2694 2631 2710 2627
3579 3714 3637 3694
7598 7652 7671 7704
3701 3711 3705 3737
3947 3997 3858 4040
6066 6131 5934 6129
539 517 531 522
6924 6743 6875 6857
1496 1524 1539 1488
5213 5300 5299 5319
684 643 699 684
4701 4707 4754 4819
1382 1360 1387 1362
809 812 826 813
2155 2116 2119 2176
4233 4172 4191 4059
649 638 580 643
1758 1659 1594 1636
1090 1208 1059 1099
3391 3468 3407 3491
3439 3515 3419 3486
599 640 588 555
382 429 423 419
3804 3755 3795 3793
1838 1732 1821 1784
8205 8386 8119 8321
538 478 533 530
4470 4419 4549 4510
5536 5388 5435 5649
4195 4107 4067 4293
3874 3762 3755 3691
1629 1738 1793 1798
9476 9365 9582 9555
5098 4983 5185 5131
3770 3722 3822 3789
7267 7099 7187 7218
1373 1397 1469 1377
7777 7839 7917 8052
4618 4663 4738 4799
4581 4614 4685 4758
2428 2440 2365 2439
2224 2174 2180 2276
6815 6684 6802 6662
3136 3034 3177 3018
4665 4566 4625 4572
2631 2467 2593 2505
3515 3431 3393 3468
3641 3581 3549 3629
3042 3245 3074 3119
3620 3662 3583 3591
1792 1706 1767 1750
1322 1408 1347 1328
5293 5257 5243 5274
2183 2280 2223 2210
806 833 733 802
4691 4853 4782 4765
2108 2028 2069 2033
2050 2083 1998 2068
7617 7703 7515 7597
3261 3215 3184 3237
875 841 862 856
5680 5668 5673 5677
2526 2562 2578 2623
130 109 93 104
1957 2082 1989 2013
2776 2845 2758 2817
4885 4908 4869 4899
1830 1866 1856 1837
4390 4282 4328 4216
3772 3834 3746 3819
1768 1769 1718 1725
2554 2571 2534 2541
1025 1004 1013 997
1999 2012 2044 2011
8032 7994 8021 7953
2927 2878 2875 2829
4020 3894 3987 3904
5134 5119 5195 5185
9762 9600 9802 9625
6159 6223 6143 6262
3001 2986 3081 2943
342 370 335 347
7679 7637 7668 7644
8693 8669 8803 8732
7313 7307 7446 7356
2628 2598 2723 2694
3741 3740 3837 3790
6437 6363 6482 6426
6054 6161 6202 6159
3027 3031 3091 3076
1249 1216 1315 1232
5343 5514 5401 5431
4902 4750 4734 4834
810 862 825 861
6840 6725 6833 6620
2218 2212 2270 2263
8085 7987 8136 8002
935 977 931 952
9222 9142 9210 9130
147 131 131 134
2710 2678 2749 2713
433 437 422 433
3267 3287 3204 3262
4921 4924 4874 4895
1796 1753 1745 1733
830 883 841 870
1337 1244 1308 1268
3856 3878 3838 3783
3944 3756 3883 3903
1646 1672 1719 1682
11 10 12 9
2729 2634 2762 2540
3074 2958 3031 3012
4814 5012 5016 4950
1749 1790 1848 1784
8099 8151 8174 8097
8122 8098 8121 8070
1125 1167 1200 1174
537 554 541 551
2485 2503 2546 2504
2298 2342 2342 2327
716 711 687 713
7674 7880 7762 7710
122 131 99 123
2535 2506 2478 2590
1168 1162 1114 1133
6135 6099 6048 6056
5787 5680 5703 5617
1541 1648 1641 1677
2976 2966 2927 2955
1501 1588 1472 1485
1335 1247 1294 1356
6542 6596 6584 6496
5279 5261 5233 5243
1531 1534 1535 1519
948 973 939 1035
2481 2466 2556 2489
2256 2304 2211 2350
5145 5023 5136 5179
117 103 110 111
5396 5414 5537 5525
5383 5455 5457 5469
2843 2946 3012 2912
499 553 537 556
9341 9302 9538 9253
2180 2182 2306 2189
9044 8992 9112 9089
5267 5253 5242 5221
262 271 270 247
2860 2880 2943 2950
4911 4795 4841 4626
1364 1363 1416 1449
1188 1279 1223 1275
7226 7389 7288 7321
1643 1720 1641 1669
1355 1382 1402 1394
1692 1650 1649 1620
8445 8574 8472 8417
4121 4012 4284 4157
5180 5319 5329 5383
5681 5647 5765 5760
6915 6843 7133 6808
9196 9121 9165 8756
2199 2158 2154 2010
2295 2228 2325 2132
1220 1153 1295 1147
4479 4568 4545 4627
2136 2184 2074 2108
8728 8807 8792 8847
5420 5523 5404 5448
5813 5523 5679 5613
1180 1144 1181 1163
1093 1061 1059 1028
4449 4409 4405 4374
887 903 901 907
1119 1146 1125 1091
3957 3980 3894 3892
6714 6617 6672 6563
3530 3444 3536 3424
1109 1081 1064 1105
2900 2914 2850 2983
7286 7264 7092 7284
5870 5830 5790 5862
1855 1907 1880 1946
7645 7742 7695 7690
998 1039 998 1009
5560 5480 5613 5444
7720 7849 7801 7806
2786 2799 2863 2823
9622 9864 9715 9846
2796 2691 2779 2813
704 635 704 728
1028 1005 1095 1042
236 246 225 278
5434 5472 5540 5533
113 105 108 110
10258 10274 10211 10168
5728 5621 5566 5605
8236 8466 8440 8337
4726 4832 4849 4819
495 496 488 499
3776 3696 3722 3788
3563 3469 3549 3485
3296 3336 3296 3379
4458 4449 4593 4566
2263 2254 2253 2240
4158 4129 4186 4204
3131 3114 3100 3148
2771 2681 2764 2737
6242 6226 6245 6282
1753 1816 1848 1917
2141 2041 2070 2046
3643 3604 3827 3803
902 891 877 878
1632 1591 1650 1572
2041 2096 2125 2095
3859 3978 3993 3865
3069 3216 3138 3171
9949 9686 9752 9876
66 66 59 71
2272 2271 2335 2293
4249 4250 4310 4298
5669 5668 5747 5745
1796 1803 1771 1739
5426 5429 5354 5223
4530 4569 4380 4345
2400 2434 2516 2433
1802 1858 1726 1786
6009 5869 5735 5869
2274 2356 2297 2338
2142 2133 2091 2205
8468 8322 8468 8455
3842 3820 3995 3791
6614 6606 6916 6699
8257 8453 8109 8191
4748 4667 4923 4808
3989 3925 3911 3958
3759 3723 3699 3661
6932 6922 6915 7008
998 1005 1014 1085
3144 3068 3073 3018
3939 3935 3888 3842
7503 7515 7296 7323
8765 8564 8783 8684
2094 2078 2100 2137
962 921 935 925
118 103 123 115
5987 5969 6044 6034
2644 2789 2876 2798
5105 5098 5202 5156
608 647 674 653
2293 2419 2294 2338
311 305 292 304
6607 6663 6589 6721
7092 7144 7148 7265
949 965 967 981
225 240 229 246
6920 6895 6794 6860
1148 1179 1160 1116
1348 1372 1236 1309
254 274 244 252
8921 8832 8852 8690
9375 9513 9711 9650
530 530 495 555
233 196 211 194
5558 5499 5337 5417
4049 4114 4099 4079
1871 1958 2059 1948
4972 4974 5218 5130
5788 5804 6095 6062
163 154 176 175
1270 1259 1337 1316
6401 6343 6369 6493
8115 8191 7932 8119
10395 10295 10283 10231
1702 1628 1754 1661
3198 3160 3020 3080
1291 1270 1284 1170
8368 8166 8178 8222
9449 9297 9277 9307
6029 5770 6006 5952
1412 1373 1367 1306
6377 6280 6272 6156
6820 6921 6648 6762
7752 8053 7687 7777
1527 1583 1470 1507
497 496 494 483
7005 7102 7014 7243
4069 3968 4195 4186
4500 4414 4503 4486
4943 4998 5034 4988
4344 4411 4376 4435
2730 2720 2695 2806
6211 6341 6359 6155
9677 9455 9594 9366
2902 2790 2861 2721
937 926 859 863
240 256 263 238
2616 2645 2646 2563
2803 2934 2876 2997
5216 5161 5430 5218
1619 1638 1625 1558
4144 3994 4301 4123
4239 4309 4256 4366
4693 4764 4660 4774
5071 4844 4993 5091
9787 9366 9740 9554
8742 8415 8645 8579
4651 4530 4683 4517
2503 2330 2529 2369
762 774 732 785
1952 1960 2017 1979
217 241 261 244
4290 4393 4137 4263
4054 3880 4027 4025
5714 5801 5532 5703
3681 3582 3478 3537
4286 4267 4292 4356
2083 2096 1900 1988
6581 6368 6404 6462
2533 2490 2543 2545
100 103 118 109
3223 3159 3150 3239
5341 5456 5297 5243
6271 6291 6171 6343
2525 2461 2508 2525
279 265 240 260
5131 5021 5029 5019
580 571 543 539
5635 5724 5886 5594
5323 5449 5457 5405
4799 4923 4942 4763
4966 5090 5204 4948
755 726 689 764
5982 5918 5846 6088
4673 4719 4523 4745
10460 10336 10114 10491
3043 3029 3005 3060
5620 5714 5573 5464
8865 9007 8873 8845
7252 7066 6936 7135
1641 1663 1706 1663
544 585 538 591
2571 2492 2551 2718
2526 2316 2426 2435
1239 1158 1234 1275
4172 4142 4095 4114
7334 7053 7242 7329
1405 1487 1383 1498
6079 6130 5962 6128
1415 1323 1388 1372
2589 2479 2552 2492
4808 4785 4787 4832
3125 3166 3146 3119
6466 6272 6229 6260
9542 9271 9254 9268
2584 2462 2451 2559
58 67 65 63
4085 3893 3880 3865
609 599 594 576
3650 3518 3552 3716
4739 4577 4622 4761
213 194 197 213
8883 8829 8839 8800
2252 2323 2300 2335
599 606 595 566
2546 2505 2516 2565
8584 8584 8492 8520
3793 3764 3677 3689
5266 5209 5158 5143
8933 9124 9163 9158
3632 3549 3527 3700
1331 1268 1340 1346
3278 3341 3294 3278
1310 1388 1327 1288
1691 1787 1738 1696
10 9 11 10
3041 2960 3161 3052
2090 2055 2212 2015
1824 1838 1864 1933
3167 3042 3022 3126
1993 1923 1888 1877
6422 6379 6565 6456
2167 2179 2214 2209
2492 2402 2424 2362
609 656 623 597
8101 8071 8025 7950
256 223 251 270
2535 2591 2576 2627
3998 4009 3987 4025
7761 7748 7837 7933
7455 7391 7489 7520
620 650 637 615
6326 6307 6281 6224
9280 9486 9368 9310
340 326 362 358
3805 3864 3804 3869
4252 4262 4335 4164
5672 5605 5648 5734
5577 5600 5606 5566
3277 3357 3351 3255
296 382 359 359
148 139 143 162
8751 8740 8957 8627
132 157 166 156
7207 7182 7284 7036
82 107 88 76
858 870 869 889
1439 1496 1521 1559
2683 2677 2737 2695
1519 1509 1589 1581
4750 4694 4913 4929
1292 1223 1238 1210
1362 1390 1415 1298
2899 2742 2790 2782
1421 1388 1416 1340
4648 4756 4647 4634
1106 1149 1148 1086
6741 6953 6825 6768
2565 2690 2540 2566
3126 3183 3085 3252
5217 5149 4977 4997
4864 4891 4652 4758
8940 9050 8725 8791
459 460 408 470
3776 3714 3919 3893
559 600 554 555
3113 3074 3029 2981
798 784 771 727
655 648 651 627
2950 3108 3011 3205
1682 1690 1674 1704
1240 1149 1213 1148
785 808 829 886
246 245 276 261
7166 6883 6951 6821
5337 5091 5159 5062
2869 2881 2731 2699
6161 6197 6111 6214
7054 7103 7061 7170
4888 4840 4956 4987
3542 3526 3591 3587
5115 5099 5174 5128
1639 1597 1577 1615
5016 5047 5015 5109
5574 5596 5717 5620
3070 3095 3130 3056
6805 6872 6916 6816
2971 2946 2911 2933
9558 9579 9716 9552
2339 2353 2339 2468
2702 2747 2726 2776
6710 6580 6646 6840
1299 1401 1333 1299
6524 6373 6214 6350
2070 1958 2099 2077
5211 5277 5316 5298
2195 2117 2132 2136
6748 6806 6916 6848
4956 4945 4979 5033
1389 1385 1281 1331
4360 4448 4238 4416
2407 2369 2482 2453
3666 3755 3715 3634
6463 6423 6409 6224
4278 4227 4142 4097
7025 7044 6934 6819
2654 2720 2696 2677
2240 2268 2260 2250
5485 5527 5495 5580
1282 1223 1198 1329
1732 1691 1634 1731
3197 3153 3046 3120
2774 2765 2810 2814
5322 5295 5124 5100
743 715 719 683
6568 6621 6466 6468
2319 2330 2263 2307
8004 7964 7883 7944
3761 3865 3747 3766
4608 4744 4528 4716
7796 7869 7813 7799
6688 6750 6691 6768
7537 7662 7525 7595
5974 5966 6073 6023
3164 3215 3052 3228
10597 10662 10710 10744
3473 3545 3452 3603
454 477 452 479
6794 6994 6959 7095
2117 2088 2151 2170
752 773 796 790
4877 4859 4864 4892
9292 9198 9204 9181
1140 1057 1090 1121
7828 7833 7848 7953
3714 3681 3898 3730
2276 2301 2260 2206
2970 3041 2896 3051
9626 9674 9713 9460
453 428 484 482
7919 7990 7977 7727
2376 2407 2350 2223
6793 6864 6720 6633
249 241 250 260
469 431 446 411
1378 1429 1389 1337
2803 2840 2715 2831
4359 4237 4346 4375
1268 1248 1265 1312
9773 9669 9870 9714
2528 2508 2348 2448
4339 4214 4051 4180
2961 2965 2963 3046
2771 2832 2852 2980
5618 5431 5487 5488
7036 6869 6829 6957
2558 2603 2668 2621
9870 9697 9950 9738
2320 2297 2328 2257
590 590 623 590
255 280 289 249
6748 6646 6727 6701
7252 7407 7212 7259
7951 8124 7815 7928
1041 1032 1060 1018
8226 8504 8427 8425
1859 1849 1875 1769
3667 3601 3740 3594
2966 2888 2940 2847
6581 6644 6640 6489
52 47 44 40
6594 6563 6573 6404
150 129 132 135
4005 3907 3811 3832
5651 5504 5617 5534
6817 6799 6861 6796
9224 9172 9211 9191
156 170 177 169
3131 3093 3096 3029
3331 3285 3235 3227
1109 1166 1123 1123
4332 4362 4288 4265
3849 3882 3739 3729
1171 1212 1203 1188
7074 7240 7004 7072
1759 1802 1809 1805
3023 3036 2969 2984
2381 2375 2336 2330
3678 3733 3753 3767
6305 6180 6164 6356
5550 5398 5404 5549
5324 5057 5338 5143
5371 5401 5373 5361
2233 2224 2252 2159
703 650 692 689
3477 3519 3532 3463
495 530 523 515
3025 3051 2937 3020
1997 1850 1982 1969
4009 3928 4055 4061
3365 3137 3352 3290
1780 1651 1819 1784
6199 6022 6213 6117
513 500 522 470
4127 3966 4164 3997
2435 2420 2439 2362
8288 8279 8401 8261
1255 1337 1307 1258
818 860 829 815
4106 4198 4204 4180
3373 3281 3276 3380
7806 7707 7865 7776
920 1001 921 928
8907 8931 8837 8871
1434 1451 1457 1434
1061 1050 1080 1083
339 359 310 334
2594 2560 2547 2613
6383 6311 6311 6343
3251 3165 3229 3129
7381 7393 7267 7365
3490 3560 3369 3556
1170 1191 1183 1169
4407 4403 4356 4477
9379 9392 9368 9420
756 759 708 766
1881 1817 1927 1887
531 526 512 587
2459 2475 2341 2397
545 564 527 501
474 502 487 435
5665 5756 5630 5667
7343 7148 7189 7200
5587 5536 5432 5600
2751 2621 2575 2653
9642 9486 9583 9620
3649 3770 3686 3657
39 38 27 30
691 721 704 744
821 844 839 813
163 157 157 184
2989 3002 3095 3068
109 111 113 113
1580 1505 1558 1590
6283 6328 6355 6292
1149 1171 1171 1125
531 579 545 571
9129 9054 9060 9216
445 477 386 407
130 130 128 116
2402 2327 2356 2242
3358 3317 3413 3390
5160 5059 5157 4906
6589 6308 6392 6204
4555 4749 4661 4830
6716 6937 6730 7001
343 317 342 329
932 908 952 926
2424 2379 2348 2354
836 813 839 834
1227 1215 1176 1211
395 406 390 394
791 838 802 830
5075 5142 4955 5003
6204 6265 6272 6233
2854 2853 2824 2909
5674 5496 5602 5600
3084 2970 2975 3046
6415 6436 6482 6523
3635 3530 3540 3528
8716 8689 8718 8780
300 356 341 305
8381 8421 8363 8230
45 35 43 42
4019 4032 3923 4011
2430 2342 2325 2363
1542 1548 1575 1514
6640 6638 6589 6598
240 254 230 246
5308 5411 5427 5433
672 708 738 716
7272 7353 7314 7322
418 401 399 370
1401 1310 1384 1407
7375 7245 7209 7443
2717 2769 2775 2705
5764 5754 5750 5746
495 544 513 516
121 155 146 119
1146 1065 1051 1035
7381 7271 7320 7281
3259 3264 3216 3261
2752 2789 2784 2793
2275 2223 2282 2230
3598 3594 3575 3512
1698 1718 1633 1590
6698 6761 6713 6702
6877 6800 6889 6736
4069 3967 4091 3908
5051 5056 4908 4952
789 774 818 732
1799 1711 1718 1702
2284 2448 2367 2385
4559 4604 4375 4575
568 549 507 569
735 697 699 724
171 180 187 186
7529 7610 7619 7656
1742 1625 1770 1744
1568 1450 1572 1569
2764 2729 2741 2798
6231 6388 6154 6400
9689 9957 9686 9960
1171 1102 1213 1107
84 75 82 58
168 143 168 144
8612 8331 8515 8221
10214 10307 10217 10393
10751 10604 10878 10656
4466 4388 4537 4418
3971 3979 4051 3936
2924 2948 3028 2961
104 122 96 130
7360 7223 7348 7234
2143 2061 2154 2219
1225 1303 1280 1258
1003 1027 1014 923
1278 1376 1351 1341
1980 2063 1935 2012
4112 4212 4187 4216
9614 9770 9825 9757
6526 6654 6589 6449
2745 2914 2762 2787
4060 4041 4017 3986
5572 5633 5506 5601
5395 5393 5247 5335
7781 7745 7674 7791
6882 6815 6736 6897
2979 2972 2880 2984
9087 9012 9112 9084
509 490 493 553
2384 2366 2472 2345
543 528 518 526
6036 6032 6057 6063
9783 9642 9838 9888
1048 975 950 982
4278 4220 4262 4323
4615 4553 4543 4550
1545 1624 1587 1581
2661 2747 2645 2711
142 137 159 155
1447 1526 1457 1446
3977 4036 4014 4099
5531 5616 5541 5585
72 69 70 73
1848 1870 1886 1783
3173 3158 3098 3202
2645 2611 2651 2600
6604 6703 6615 6806
2072 2093 2010 2073
1256 1203 1199 1229
7357 7377 7369 7503
2606 2607 2634 2696
1781 1779 1793 1776
8938 8705 8843 8741
4990 4776 4870 4789
7069 7044 7082 7272
3522 3387 3544 3414
1234 1198 1282 1236
1083 1050 1041 1051
558 554 556 562
1374 1498 1391 1522
4353 4350 4293 4415
2832 2955 2892 2819
2868 2913 2746 2962
6887 6959 6857 6974
30 31 39 37
7796 7946 7978 7707
3388 3406 3520 3464
762 749 738 695
7225 7193 7178 7318
2965 3176 3180 3033
3781 3858 3860 3859
2582 2671 2747 2652
6937 7217 7242 7081
3060 3200 3308 3158
7163 6981 6818 7053
3002 2948 2911 3054
1130 1162 1135 1100
5552 5704 5656 5608
2143 2163 2202 2218
842 797 857 834
5939 5985 6033 5966
3646 3600 3609 3725
515 558 489 503
3374 3426 3295 3362
859 835 800 824
4290 4398 4351 4199
6888 6714 6732 6812
1789 1739 1713 1787
8078 7859 7924 7963
2580 2570 2636 2586
10735 10441 10610 10585
181 178 195 176
3330 3460 3293 3372
4317 4259 4250 4279
972 925 985 909
5916 5762 5828 5796
2527 2475 2504 2433
4541 4377 4496 4477
186 165 169 171
1660 1610 1584 1607
1567 1513 1457 1440
3007 2991 2957 2976
9415 9514 9386 9379
6754 6688 6848 6818
6157 6146 6118 6159
169 153 187 181
4605 4430 4670 4764
245 288 272 302
8495 8237 8336 8362
7794 7650 7709 7832
8906 8775 8856 8870
8281 8150 8261 8259
2626 2592 2452 2508
5643 5545 5564 5714
9840 9626 9751 9767
969 983 1077 1030
1029 1014 1111 1011
3229 3314 3364 3256
4200 4279 4341 4287
4078 4119 4133 4183
3797 3760 3684 3697
2970 2913 2937 2964
1443 1405 1321 1404
1995 2001 2028 2005
3164 3079 3110 3154
1249 1337 1257 1317
1262 1273 1287 1245
1332 1461 1372 1399
553 619 540 552
5005 4826 4880 5035
3163 3006 2995 3115
421 421 430 439
7084 7036 7231 7272
7017 6830 7088 7060
3184 3335 3320 3370
5629 5852 5866 5947
2788 2723 2769 2795
3422 3452 3466 3381
1424 1425 1419 1396
1664 1588 1643 1683
6417 6365 6285 6256
730 706 730 661
7299 7244 7225 7201
15 19 10 23
75 63 64 72
4236 4236 4203 4207
1456 1376 1364 1424
1096 1174 1161 1163
3440 3593 3548 3580
5466 5549 5470 5469
60 71 54 50
957 987 969 1035
1098 1143 1053 1128
7010 7208 7009 7212
3607 3707 3662 3669
4873 4961 4832 4859
1622 1733 1711 1762
2901 2840 2826 2877
7571 7578 7360 7453
3915 3900 3946 4014
4706 4662 4721 4713
4392 4408 4398 4445
10042 10173 10103 10287
3448 3335 3403 3512
109 102 103 121
3360 3259 3223 3358
2239 2147 2109 2103
3312 3251 3177 3168
2928 2798 2849 2913
9136 9342 9374 9306
3053 3087 3261 3121
7305 7423 7380 7427
1879 1920 1884 1838
6550 6733 6852 6824
3386 3424 3486 3506
6474 6583 6791 6683
343 375 353 348
8156 8395 8390 8348
3063 3116 3094 2993
384 360 354 351
9717 9655 9562 9742
27 43 24 41
4068 4209 3990 4107
1987 1972 2066 2009
681 646 669 728
4564 4477 4407 4410
2141 2248 2138 2202
1857 1856 1841 1855
2078 2082 2038 2019
856 811 822 849
872 912 820 901
1906 1860 1888 1849
7230 7472 7423 7499
1995 1961 2004 2102
1245 1254 1181 1246
339 337 337 349
3388 3330 3386 3374
1627 1550 1618 1480
239 245 254 263
8255 8345 8305 8455
4531 4522 4602 4669
1415 1403 1473 1474
1916 1924 1851 1909
9639 9458 9591 9442
1883 2037 1913 1993
1211 1304 1338 1320
1159 1138 1184 1137
3442 3470 3317 3477
7760 7678 7638 7575
5198 5185 5134 5125
290 274 285 263
8016 8197 8070 8111
3691 3723 3640 3727
3259 3379 3267 3340
1969 2069 2028 2093
3005 3011 3037 3156
836 878 916 892
4104 4090 4084 4247
5497 5571 5509 5696
1638 1576 1565 1647
6684 6551 6560 6620
8779 8701 8790 8687
6256 6374 6497 6392
2079 2128 2106 2111
4370 4398 4499 4411
4448 4461 4490 4520
6250 6136 6229 6280
892 898 925 894
834 952 944 889
1332 1277 1306 1269
7388 7395 7331 7288
771 725 750 720
1894 1907 1972 1898
705 714 673 732
3817 3902 3897 3961
2810 2798 2906 2860
828 808 827 814
3110 3139 3055 3071
2646 2659 2588 2546
3482 3448 3463 3354
1624 1558 1612 1624
6036 6024 5902 6004
1221 1178 1125 1198
3837 4049 4106 4005
5317 5444 5431 5445
760 779 685 768
2426 2525 2627 2511
115 105 112 99
3389 3534 3478 3230
140 106 115 130
1057 1029 1047 966
5688 5544 5709 5594
1123 1182 1165 1216
1553 1480 1544 1600
3244 3313 3303 3293
4852 4754 4610 4842
2543 2552 2519 2509
3773 3712 3766 3788
8223 8180 8215 8321
347 356 339 332
3399 3382 3361 3313
1658 1689 1745 1711
9104 9092 9179 9120
2065 2126 2044 2033
1770 1659 1683 1635
7262 7187 7188 7046
305 252 267 294
3450 3335 3366 3265
3550 3465 3502 3395
4372 4431 4325 4419
1679 1580 1710 1681
947 963 922 978
1365 1371 1427 1413
1087 1054 958 1047
107 115 121 151
9437 9394 9268 9111
7944 7973 7799 7708
7007 6919 6931 6715
3357 3279 3246 3315
3998 3930 3933 3767
6063 6026 6008 5860
4039 4047 4016 4003
5533 5463 5562 5539
8620 8565 8555 8636
646 668 668 695
1823 1843 1841 1868
3826 3807 3787 3856
4517 4480 4481 4511
1451 1480 1499 1522
5578 5663 5766 5773
1039 1030 1012 1031
5081 5023 5235 5170
871 841 921 894
4532 4456 4641 4539
2055 2089 1981 2047
750 703 721 799
2603 2593 2464 2551
3150 3114 3218 3291
1865 1893 1930 1844
4659 4691 4532 4553
3285 3223 3294 3242
5035 4938 5062 5045
4261 4242 4305 4329
6434 6286 6451 6450
6739 6791 6837 6802
2414 2392 2516 2485
4268 4253 4179 4168
8014 8043 7864 7993
3574 3545 3476 3568
359 323 320 382
2289 2167 2220 2171
1375 1356 1316 1338
1455 1427 1348 1416
3677 3781 3792 3806
9090 9037 9095 9159
2279 2297 2312 2239
1528 1470 1513 1456
4452 4531 4490 4451
1641 1662 1583 1622
3476 3516 3561 3364
1627 1589 1653 1582
2594 2647 2671 2594
9429 9347 9460 9295
2325 2262 2315 2361
601 591 597 621
5508 5380 5525 5361
1941 1945 1991 2066
4118 4179 4167 4149
4196 4264 4282 4302
6166 6126 6233 6364
1020 999 994 1034
4950 5116 5224 5167
307 289 307 316
1144 1184 1182 1117
10 11 10 9
9421 9620 9457 9509
3114 3294 3193 3218
1486 1435 1453 1454
2956 2989 3044 2958
5493 5617 5703 5678
3633 3581 3657 3682
7434 7383 7492 7508
3798 3808 3915 3910
9415 9520 9340 9455
1740 1759 1709 1721
1655 1678 1651 1648
3602 3651 3552 3572
2673 2688 2815 2799
5432 5348 5453 5302
561 499 544 535
2027 1948 2032 1947
119 112 111 103
5344 5289 5388 5384
1691 1689 1754 1738
5192 5213 5274 5246
6130 6046 6112 6070
1114 1211 1144 1145
3851 3749 3784 3764
2063 2049 2092 2108
3197 3188 3322 3239
971 991 934 940
9109 9263 9009 9195
4834 4909 4959 4948
4105 4026 4034 3991
3584 3509 3647 3569
2474 2496 2595 2529
2953 2957 3023 3049
3377 3361 3466 3419
272 272 252 249
1658 1615 1576 1546
268 247 278 230
2655 2626 2622 2626
1084 1205 1122 1146
3126 3270 3254 3287
2213 2201 2111 2178
4690 4726 4752 4738
9027 9180 9145 9126
4982 5022 5039 5064
1678 1605 1577 1534
1054 1030 999 1042
1344 1401 1353 1420
10041 9893 10177 10147
2253 2203 2316 2273
763 791 738 788
7533 7610 7629 7617
503 466 493 455
1540 1474 1513 1498
791 779 809 766
1232 1286 1163 1214
11067 11003 11305 11069
3177 3252 3235 3305
7699 7706 7625 7605
8397 8427 8227 8309
1349 1311 1447 1353
7159 7104 7028 7075
929 981 940 984
2220 2249 2214 2243
447 431 445 440
6532 6627 6444 6546
2685 2824 2753 2852
693 681 705 689
5447 5380 5454 5284
4857 4939 4830 4970
193 191 163 189
859 812 887 815
3302 3226 3183 3202
7580 7717 7694 7836
4564 4649 4599 4772
801 874 835 849
1893 1828 1830 1812
6108 5961 5961 6011
1562 1525 1554 1550
311 308 309 313
987 1100 1052 1067
171 181 146 179
3184 3160 3188 3136
2398 2453 2387 2483
282 272 288 305
6791 6821 6860 6850
3753 3694 3759 3743
285 307 326 315
6709 6682 6741 6632
5581 5648 5597 5532
86 94 80 101
1062 1059 1018 1040
2479 2511 2563 2643
9809 9775 9665 9753
4016 3994 4118 4091
3618 3661 3682 3714
8793 8911 9012 8925
580 601 605 574
3340 3330 3359 3305
7301 7451 7455 7443
6414 6465 6328 6332
2716 2755 2658 2684
1804 1835 1774 1780
1188 1303 1208 1214
5517 5562 5502 5539
5748 5807 5748 5703
1742 1724 1737 1719
6763 6748 6664 6691
873 851 873 813
557 579 563 530
1291 1281 1248 1268
5638 5834 5818 5833
1814 1815 1815 1761
5318 5263 5326 5269
1171 1147 1169 1103
1282 1283 1292 1210
5248 5334 5150 5155
8260 8355 8172 8181
8615 8377 8397 8371
1884 1835 1946 1955
850 772 755 792
15 19 18 21
10009 10028 9966 10071
4337 4370 4385 4311
1257 1277 1274 1300
657 615 607 614
2076 2166 2050 2110
5154 5217 5294 5180
724 657 716 693
796 857 755 770
5485 5636 5545 5529
5581 5685 5690 5564
3124 3085 3036 3070
3726 3852 3853 3816
6844 7054 6881 6869
3539 3398 3473 3485
3742 3657 3737 3718
3162 3125 3153 3156
5202 5385 5431 5453
5529 5689 5722 5780
3900 4026 3943 3912
2959 2959 3151 3139
739 736 762 704
1267 1196 1253 1169
7683 7596 7380 7431
5868 5839 5642 5650
4656 4520 4636 4658
5282 5216 5376 5285
1828 1838 1809 1898
1123 1102 1126 1111
5351 5419 5326 5502
8914 9023 9091 8957
3729 3809 3857 3757
7809 7829 7867 7813
4846 4922 4959 4946
1684 1710 1776 1759
375 358 352 380
1075 991 1020 1088
2028 2014 2056 2039
6870 7121 7007 6987
939 891 941 943
2122 2203 2166 2208
1019 1001 993 984
4025 4064 4037 3982
1269 1301 1272 1321
5267 5330 5353 5194
440 445 439 429
468 442 481 454
6906 7027 7073 6851
265 250 262 295
2283 2345 2280 2292
5048 5167 5155 5149
3761 3825 3882 3836
8966 9109 9075 9187
1903 1851 1864 2007
290 283 316 310
457 500 483 492
4168 4181 4198 4226
9347 9285 9473 9176
5360 5359 5309 5204
3266 3198 3140 3051
3798 3753 3692 3777
8988 9020 9202 9041
4187 4287 4170 4102
8720 8734 8616 8430
8713 8843 8679 8491
7822 7829 7647 7711
5949 6019 5974 6134
1970 1981 1914 1923
861 801 800 774
4776 4999 4830 4812
6438 6589 6381 6386
892 877 868 942
2536 2444 2372 2411
152 167 143 152
2749 2735 2678 2799
260 305 275 297
2711 2650 2653 2595
6644 6552 6453 6498
3643 3668 3725 3571
2417 2492 2340 2317
2677 2693 2550 2551
5005 4869 5011 4818
3833 3729 3829 3665
263 283 301 296
2867 2785 2746 2872
424 430 405 372
8502 8650 8540 8538
393 378 355 372
5340 5278 5448 5338
1162 1197 1214 1185
7046 7075 7166 7164
1854 1755 1914 1873
2853 2823 2739 2695
2586 2538 2466 2449
6912 6873 6768 6860
776 809 815 836
5627 5756 5632 5637
4929 4947 4783 4802
6642 6751 6676 6764
1610 1653 1627 1612
5658 5888 5738 5661
5073 5167 5052 5116
2015 1969 2046 2002
8444 8449 8568 8470
4461 4579 4474 4456
5506 5545 5578 5527
4676 4686 4655 4622
4854 4879 4857 4863
9140 9130 9319 9030
3842 3782 3911 3747
8524 8439 8590 8359
3853 3857 3892 3830
7449 7434 7536 7466
3895 3947 4013 3954
5169 5157 5145 5101
3418 3385 3369 3489
2455 2534 2493 2529
3326 3404 3481 3414
900 870 892 892
2878 2760 2832 2870
2440 2361 2467 2360
398 370 393 383
3640 3676 3631 3640
326 362 323 347
3258 3156 3233 3199
4669 4666 4635 4745
3406 3552 3409 3579
2918 3049 2871 3088
6440 6410 6367 6516
4532 4559 4467 4564
2696 2643 2623 2567
6022 5828 5953 5999
2936 2812 2934 2910
6709 6567 6702 6727
6205 6104 6155 6249
124 111 119 115
2005 2018 2026 2023
8618 8617 8690 8596
1713 1877 1779 1777
2197 2206 2245 2224
2889 2804 2762 2846
1552 1527 1590 1581
823 845 883 816
3195 3203 3233 3163
5610 5613 5552 5515
4169 4096 4081 4009
276 316 300 283
4572 4664 4620 4694
2086 2122 2140 2165
7782 7898 8000 7974
3659 3639 3604 3565
2441 2404 2493 2431
1164 1144 1197 1145
3344 3409 3323 3421
6077 5981 6063 5884
130 114 124 117
4302 4252 4312 4155
780 740 780 712
4645 4617 4632 4620
3724 3733 3691 3643
935 995 981 981
3495 3451 3495 3478
6338 6268 6321 6219
5992 5945 6027 5979
3151 3264 3157 3250
1817 1864 1789 1819
212 203 201 193
5146 5193 5177 5251
3794 3726 3713 3801
2466 2534 2485 2548
79 74 64 78
20 18 20 12
5625 5590 5621 5643
6202 6261 6198 6179
6994 6930 6951 6948
7026 7068 7004 6961
2523 2590 2491 2531
1208 1197 1164 1250
290 276 298 276
4173 4199 4288 4256
2486 2436 2452 2468
748 687 743 687
2789 2803 2899 2756
6202 6083 6141 6107
1509 1495 1496 1451
4698 4613 4674 4738
2605 2703 2583 2645
1203 1215 1192 1272
5839 5773 5713 5678
1132 1133 1132 1149
7127 7125 7140 7107
2648 2729 2640 2637
946 895 985 900
7912 7795 7945 7818
4717 4702 4634 4739
5109 5230 5067 5214
67 47 61 51
1650 1653 1626 1648
7765 7649 7734 7689
6788 6847 6833 6711
2106 1839 1977 1920
2214 2217 2266 2291
5848 5890 5940 5874
1983 1997 2030 2088
7826 7801 7747 7799
3289 3296 3297 3257
5470 5463 5454 5538
3632 3617 3673 3581
703 703 742 730
744 724 767 700
4180 4272 4148 4216
289 297 304 284
1287 1457 1372 1388
1221 1216 1250 1193
7313 7246 7395 7344
94 97 108 124
5411 5383 5388 5432
4583 4706 4721 4632
9066 9173 9232 9109
5599 5744 5751 5616
4071 4094 4255 4108
1868 1856 1934 1784
180 169 180 161
612 621 606 570
89 111 107 102
7145 7090 7170 7216
3116 3098 3070 3151
1168 1184 1207 1165
2280 2247 2314 2264
8989 9368 9264 9127
2060 2075 2098 2094
6741 6649 6713 6814
10245 9923 10179 10073
1093 1073 1083 1001
6313 6269 6245 6176
4240 4296 4313 4215
1684 1645 1761 1683
10277 10167 10273 10065
6317 6400 6357 6436
169 153 151 128
4742 4684 4646 4643
4885 4805 4757 4736
8180 8145 8057 8041
5550 5460 5456 5514
1889 1817 1810 1790
8396 8365 8270 8352
4733 4751 4670 4620
1086 1114 1067 1074
152 161 139 161
2237 2232 2163 2242
3766 3717 3777 3949
1561 1590 1596 1672
2359 2376 2420 2396
615 559 626 599
1167 1141 1137 1169
4006 4006 4057 3907
7220 7172 7066 7208
1402 1375 1358 1404
371 375 379 415
2960 2881 2819 2902
2503 2422 2404 2452
871 952 870 865
4846 4959 4739 4829
2903 2855 2814 2921
1657 1582 1540 1568
5181 4997 5047 5050
10885 11166 10819 10906
450 458 408 435
3638 3681 3617 3770
3899 3637 3678 3736
5768 5834 5622 5729
6453 6203 6252 6282
9544 9203 9456 9297
1304 1309 1330 1428
2998 2884 2890 2843
3063 2915 2972 2918
4415 4376 4497 4420
10038 9891 10217 9823
2707 2688 2710 2701
5000 4925 4919 4662
996 1018 978 962
1853 1844 1925 1846
3356 3484 3515 3468
6447 6468 6427 6341
8096 8220 8016 8208
6615 6668 6518 6695
4485 4545 4441 4449
1534 1518 1468 1485
2212 2287 2193 2156
4309 4180 4282 4136
1265 1303 1252 1212
3877 3709 3854 3750
2589 2542 2576 2552
9014 8909 8945 8926
4448 4487 4321 4431
8341 8320 8254 8344
4168 4218 4118 4184
7297 7056 7368 7086
4132 4068 4012 4116
6619 6645 6574 6711
6528 6552 6491 6560
2499 2426 2515 2538
897 803 827 828
99 72 82 79
1370 1396 1399 1436
1244 1219 1321 1254
381 359 359 348
1135 1165 1119 1196
1618 1744 1603 1618
4211 4220 4123 4174
1303 1240 1365 1235
6514 6416 6561 6455
3204 3204 3325 3244
5616 5693 5552 5820
2406 2401 2349 2398
68 64 70 76
5958 5994 6043 6027
6132 6054 6240 6034
8981 8962 9137 8877
3211 3307 3226 3257
9748 9949 9812 9717
1506 1473 1529 1456
728 748 715 747
3764 3776 3799 3746
1910 1944 1895 1914
924 911 972 956
382 413 426 393
2175 2352 2296 2281
3915 4079 4000 3972
415 474 439 420
8859 8971 8991 8859
4597 4623 4545 4623
703 702 658 720
1924 1863 1890 1914
6137 6153 6041 6146
53 55 50 47
7201 7279 7186 7225
691 697 711 693
10229 10207 10169 10328
2826 2775 2790 2807
3983 3941 3973 3887
9638 9588 9441 9625
415 435 413 442
499 518 480 469
2599 2549 2654 2594
10560 10334 10637 10294
1229 1164 1166 1157
5003 4913 4996 4884
1777 1724 1784 1649
3662 3823 3825 3885
4201 4119 4085 4105
2472 2422 2411 2393
7162 7069 7103 7117
4554 4550 4568 4554
364 361 346 351
1622 1530 1637 1535
4554 4570 4365 4503
1714 1716 1726 1682
2061 1950 2054 1987
3226 3128 3232 3268
4324 4286 4327 4348
1808 1820 1767 1840
6822 6714 6824 6810
4538 4484 4498 4455
3261 3351 3312 3394
710 691 725 719
190 195 189 174
5303 5303 5275 5365
7239 7226 7160 7276
5057 5023 4901 5006
4437 4559 4438 4527
1576 1491 1541 1529
6408 6277 6313 6384
2054 2137 2074 2097
2376 2406 2407 2448
5897 6083 5974 5939
7147 7318 7342 7256
5467 5430 5417 5460
7816 7719 7609 7721
3123 3161 3132 3106
1169 1090 1126 1103
8227 8413 8347 8402
8166 8247 8242 8274
2756 2852 2748 2838
1942 1907 1934 1878
7296 7464 7123 7307
797 820 884 821
3162 3163 3287 3261
6845 6911 7000 7149
4321 4319 4351 4339
2305 2409 2438 2420
3183 3240 3118 3162
3787 3902 3876 3791
4153 4111 4121 4213
7096 6877 6801 6937
1033 983 1010 983
1561 1462 1554 1531
8923 8662 8855 8775
8628 8726 8826 8776
2412 2313 2336 2407
5122 5225 5269 5119
2954 3031 3003 3003
4204 4107 4182 4167
4230 4019 4115 4155
2915 2913 2955 2937
7969 7938 7990 7989
4294 4240 4242 4336
3489 3557 3634 3665
5736 5542 5560 5544
341 357 319 353
9388 9329 9161 9085
8762 8620 8538 8648
1222 1211 1190 1182
138 116 116 126
1529 1571 1473 1493
380 384 369 421
7589 7609 7809 7957
3754 3873 3622 3730
2699 2551 2557 2541
1180 1175 1192 1173
9551 9757 9765 9801
5998 6001 6030 5996
1453 1491 1469 1448
2227 2276 2349 2325
480 495 508 495
9679 9825 9676 9678
32 44 39 42
668 719 657 706
2173 2162 2198 2206
5716 5712 5811 5937
5014 4941 5020 5121
3288 3394 3376 3491
9932 10167 10091 10222
6003 6013 6052 5978
5548 5543 5549 5552
5672 5637 5617 5620
3519 3566 3481 3492
48 58 67 63
6281 6204 6193 6226
4084 3971 4044 3985
203 222 210 223
4504 4569 4442 4529
8560 8466 8433 8456
4022 3984 4033 3956
6561 6533 6541 6507
5765 5731 5752 5637
5152 5298 5166 5213
4103 4014 4187 4151
1055 1009 1085 1026
196 194 194 197
2999 2937 2955 2929
199 198 180 200
1307 1294 1272 1315
58 49 56 41
2735 2712 2766 2699
1304 1292 1350 1268
8658 8743 8511 8498
3814 3881 3832 3812
640 659 664 673
2990 2862 2971 2862
10542 10278 10359 10111
6494 6304 6471 6260
2069 2055 2102 2036
2620 2668 2632 2683
975 956 917 927
2491 2412 2407 2434
8065 7819 8186 7963
2753 2829 2764 2888
465 451 481 429
1169 1192 1183 1216
1887 1888 1849 1896
1020 1082 1016 1051
3280 3339 3407 3235
4670 4779 4705 4633
1603 1603 1662 1655
5696 5722 5638 5698
3280 3385 3304 3265
3044 3165 3165 3083
4655 4588 4595 4753
3768 3719 3717 3798
875 879 917 850
2882 3011 3000 2907
1351 1376 1422 1292
4885 4748 4767 4917
9269 9097 9034 9223
81 80 66 71
2873 2890 2802 2909
3984 4009 4067 4052
6572 6466 6411 6473
8611 8647 8567 8592
1706 1740 1700 1636
3633 3694 3645 3666
9339 9484 9448 9408
1542 1604 1555 1534
8334 8630 8408 8419
7399 7647 7486 7410
7148 6903 6948 6926
1219 1271 1237 1262
120 138 109 109
4491 4620 4554 4670
3070 2993 3101 2964
639 677 617 676
9026 9187 9018 9349
2224 2198 2298 2212
1943 1888 1992 1917
2301 2377 2350 2449
1612 1545 1665 1598
4329 4425 4510 4481
1504 1533 1592 1490
741 709 733 691
5060 5160 5009 5181
3088 3098 3137 3078
3138 3126 2997 3114
6450 6562 6510 6550
9169 9149 9144 9155
10010 9953 9936 10013
8099 8059 7963 8088
3337 3270 3230 3297
5326 5213 5175 5184
5584 5692 5711 5666
3978 3897 3916 3959
3354 3488 3324 3314
906 941 836 876
2043 1997 1965 1983
8849 8853 8673 8747
6559 6662 6671 6604
670 658 622 631
4000 4234 4185 4106
6123 6242 6044 5994
6564 6722 6691 6538
1168 1228 1237 1242
5087 4936 4977 5056
5012 4921 4951 5058
220 226 197 232
584 536 523 575
4236 4314 4273 4067
1588 1582 1625 1631
4042 4068 4141 4097
6572 6751 6905 6703
677 714 675 719
4799 4922 4947 4777
793 767 773 753
5801 5963 5949 5760
6034 6149 6234 6251
7726 7935 7771 7768
8050 8238 7996 8033
2495 2625 2584 2541
3301 3400 3395 3237
3909 3946 3906 3723
6494 6332 6285 6441
5790 5639 5666 5703
1718 1687 1672 1729
4538 4492 4512 4346
2164 2141 2113 2107
533 570 554 579
8917 8900 8979 8959
6583 6443 6509 6632
5304 5171 5210 5311
8645 8422 8589 8689
1503 1460 1405 1459
2750 2707 2738 2840
3828 3832 3810 3796
10647 10709 10632 10752
9043 9114 9040 9125
5652 5706 5719 5710
5850 5755 5786 5767
1417 1409 1342 1393
6707 6918 6885 6569
1994 1925 1936 2033
1173 1151 1151 1176
8743 8690 8851 8916
4515 4605 4722 4650
7614 7545 7615 7728
1156 1089 1049 1032
9994 9945 10004 9987
7166 7128 7148 7136
1571 1583 1612 1630
4479 4500 4457 4531
4260 4153 4255 4311
3952 3998 4002 3933
650 670 623 642
2802 2857 2886 2837
1590 1626 1631 1586
4623 4623 4641 4546
8078 8127 8178 8025
562 562 605 566
1332 1344 1344 1357
4563 4625 4814 4671
3083 3150 3156 3226
39 42 41 46
2552 2622 2594 2518
3469 3535 3535 3415
4068 4010 4207 4117
125 106 116 138
550 542 559 575
9209 9300 9140 9035
5053 5070 4911 4962
4108 4304 4224 4197
5333 5535 5423 5318
6165 5932 6057 5817
4208 4148 4247 4053
2850 2749 2816 2748
1634 1707 1633 1688
1074 1128 1153 1082
2616 2534 2475 2522
142 148 128 120
531 559 526 537
3204 3228 3215 3290
192 176 179 171
1767 1675 1752 1712
1390 1343 1386 1394
1274 1254 1232 1254
6132 6025 6102 6050
786 802 741 740
2012 1967 1979 2006
3030 3082 3145 3210
1814 1925 1934 1958
402 392 389 416
3977 3829 3930 3897
214 218 196 222
6506 6299 6369 6313
3325 3349 3355 3341
2551 2453 2539 2495
4803 4781 4711 4759
6407 6425 6452 6226
3470 3430 3271 3378
3439 3408 3403 3258
1710 1722 1665 1643
4115 4143 4005 4022
5915 5731 5848 5603
61 68 50 72
317 309 314 311
5094 5211 4987 5113
217 268 220 255
1919 1932 1887 1891
3217 3245 3287 3266
3931 4030 4129 4096
3794 3804 3916 3753
1612 1598 1644 1622
1323 1343 1324 1355
2443 2538 2479 2487
112 111 132 115
2928 2865 2900 2842
1566 1465 1509 1470
1505 1491 1469 1496
847 888 860 847
4437 4440 4380 4313
2120 2185 2171 2166
5746 5666 5684 5851
265 314 269 255
7181 7223 7154 7184
383 382 374 412
6307 6359 6426 6390
2890 2962 2957 2919
7673 7765 7838 7828
2036 2002 1964 2008
7026 7084 6988 7010
7599 7693 7521 7695
6033 6135 6108 6013
2726 2749 2735 2704
4407 4456 4497 4413
6405 6354 6445 6418
395 424 434 417
3202 3057 3110 3139
5679 5563 5519 5658
452 460 415 405
88 98 100 99
68 85 91 87
8312 8393 8309 8348
1768 1749 1797 1756
2842 2849 2723 2860
2535 2528 2622 2532
4198 4197 4140 4133
375 410 394 418
1810 1855 1841 1835
3301 3320 3269 3334
7965 7648 7891 7921
417 426 401 411
9163 9253 9223 9091
2781 2827 2792 2777
2087 2095 2116 2061
4198 4150 4279 4024
2050 2104 2169 2098
6945 7032 7042 7119
1893 1894 1941 1933
390 374 394 386
2040 2088 2037 1993
1497 1495 1461 1415
772 799 788 753
5271 5379 5333 5433
812 871 825 860
1257 1284 1296 1273
3041 2911 2986 2970
2617 2437 2555 2504
10373 10120 10311 10309
1140 1069 1132 1152
1767 1612 1740 1694
3201 3110 3130 3144
1850 1778 1864 1812
3400 3290 3282 3304
6768 6774 6698 6654
3455 3449 3429 3370
5852 5923 5831 5816
1057 1026 1066 1054
2715 2668 2675 2642
8698 8782 8810 8729
6925 7045 7016 6967
120 124 100 119
9403 9557 9548 9601
8688 8746 8637 8544
1149 1121 1131 1061
368 363 318 361
3898 3882 3920 3913
4508 4366 4539 4575
6486 6648 6673 6625
842 894 874 852
2353 2449 2392 2414
3762 3631 3649 3644
1839 1869 1837 1800
7233 7295 7205 7269
5728 5714 5590 5693
10570 10681 10475 10523
5787 5734 5750 5664
2818 2975 2915 2927
431 437 421 433
820 766 828 786
6807 6645 6638 6816
5797 5752 5633 5790
3193 3233 3259 3141
9462 9356 9402 9412
4400 4480 4385 4536
7782 7793 7714 7890
2605 2608 2563 2635
4631 4581 4556 4611
5032 4973 5122 4972
2406 2409 2498 2396
496 481 520 470
780 774 827 798
1716 1762 1726 1826
5946 5847 5840 5847
2894 2909 2977 2871
3159 3122 3114 3202
6193 6164 6128 6332
1015 1008 995 1026
5131 5010 5032 5228
7783 7699 7644 7996
344 329 303 343
3645 3690 3677 3675
21 13 15 18
2429 2431 2342 2410
1863 1932 1821 1927
2035 2116 2042 2029
2780 2768 2657 2846
313 283 300 317
330 331 363 340
2797 2718 2762 2776
792 771 733 701
4681 4594 4452 4526
1671 1685 1619 1703
4103 4026 3989 4065
2914 2893 2772 2856
4083 4069 3915 3932
1343 1296 1400 1382
2297 2324 2297 2301
6912 7040 7082 7042
3704 3712 3655 3646
908 899 897 917
4574 4510 4549 4431
8007 8248 7995 8017
1696 1717 1652 1744
3694 3716 3651 3604
1918 2002 2014 2012
5900 5899 5912 6026
2656 2699 2736 2711
5136 5154 5238 5235
4436 4462 4442 4520
265 287 291 289
2607 2530 2522 2571
10118 10140 10285 10151
1460 1458 1474 1505
9226 9141 9109 9075
472 475 457 483
5210 5300 5208 5171
1278 1289 1367 1316
6200 6217 6175 6048
2056 2008 1994 2028
1479 1469 1506 1524
2883 2922 2913 2857
2620 2625 2638 2663
3202 3183 3244 3186
4760 4690 4643 4730
8181 8058 8073 8007
4225 4100 4072 4126
2755 2707 2648 2725
6472 6339 6352 6431
539 545 540 532
9004 8921 9109 8938
6224 6279 6313 6261
2335 2325 2362 2339
6989 6947 7101 7063
449 456 469 459
3918 3985 4063 4016
1556 1543 1560 1526
2338 2370 2224 2313
2088 2147 2116 2096
1490 1380 1425 1405
226 188 212 210
5364 5479 5443 5520
3496 3436 3617 3498
451 463 457 468
3364 3486 3487 3419
767 822 802 745
2564 2660 2531 2560
2621 2676 2659 2773
3081 3084 3109 3094
307 283 287 305
3795 3796 3779 3807
6791 6724 6803 6794
2342 2408 2422 2406
2337 2297 2360 2272
3766 3780 3766 3794
2529 2487 2510 2493
3826 3734 3852 3723
1463 1509 1529 1508
3288 3219 3255 3330
1431 1501 1399 1489
2197 2149 2117 2161
2313 2317 2319 2280
2912 2899 2898 3050
4138 4200 4102 4208
561 520 560 559
5392 5433 5297 5439
2822 2902 2881 2855
5997 6012 5915 5959
6896 6901 6866 6890
7174 7187 7132 7194
2410 2423 2425 2543
3386 3443 3406 3432
6245 6137 6226 6180
4595 4690 4597 4834
1337 1311 1337 1288
1300 1258 1324 1231
2173 2156 2203 2183
10074 10215 10095 10210
178 165 192 199
1131 1062 1133 1089
7427 7438 7433 7401
5011 5095 5014 5023
5367 5430 5326 5380
742 771 756 702
5033 4817 5045 4841
2814 2766 2835 2804
8564 8669 8633 8646
3417 3543 3468 3505
5595 5666 5517 5568
5240 5357 5484 5247
5584 5901 5800 5753
4815 4738 4776 4763
6953 6795 6894 6954
2567 2559 2525 2488
629 653 678 652
3398 3534 3501 3420
4446 4330 4655 4420
4661 4743 4917 4728
2992 3079 3101 3009
1740 1685 1737 1766
1592 1657 1574 1593
869 839 844 873
7618 7512 7407 7494
8174 8076 7954 8024
5790 5713 5606 5508
1946 1864 1871 1764
5918 5692 5952 5836
5012 5046 5055 5042
398 397 415 414
4164 4187 4177 4265
5760 5761 5746 5804
40 42 43 47
4962 4929 4959 4849
9090 9149 9076 9250
4984 4942 5090 5054
4798 4744 4914 4863
5816 5886 5770 5907
5835 5851 5760 5739
173 174 153 166
7201 7200 7104 7236
5568 5577 5541 5581
5453 5439 5362 5353
1322 1249 1367 1315
258 264 265 265
1638 1706 1743 1688
6857 6799 6831 6884
2505 2386 2420 2377
296 306 303 275
93 83 102 89
7841 7717 7870 7605
1207 1152 1157 1245
251 264 272 223
4864 4765 4755 4811
4049 4078 3934 4065
9888 9927 9775 9854
5243 5379 5128 5284
599 571 639 593
7330 7345 7311 7281
8425 8430 8284 8423
2157 2200 2331 2217
5151 4935 5039 4948
419 452 440 443
4623 4668 4744 4780
401 493 472 403
4828 4880 4915 4869
6058 6091 6195 5975
1979 1989 2021 1914
4842 4842 4935 4848
2812 2913 2837 2851
258 301 271 276
5189 5143 5085 5286
3117 3206 3151 3173
1172 1172 1183 1185
6924 7128 7079 7007
6434 6544 6544 6341
9938 9996 9983 10116
739 745 753 765
4868 5065 5038 5071
6168 6266 6248 6295
1299 1357 1336 1341
9400 9259 9488 9265
1677 1686 1724 1730
1809 1792 1786 1833
1073 1048 1007 1107
3288 3311 3308 3287
805 740 765 775
4891 4962 5020 5060
5021 5020 5130 5097
5138 5414 5371 5362
5471 5697 5638 5655
1981 2100 2039 2008
2623 2606 2652 2708
3469 3642 3626 3643
313 307 308 306
1247 1282 1305 1296
4615 4790 4654 4750
1682 1750 1781 1729
4904 5088 4978 4985
5599 5844 5678 5671
457 458 443 459
8930 8957 8929 8846
1048 1026 981 1024
5221 5151 5229 5005
9106 9014 9070 8909
22 24 24 23
882 885 866 863
2304 2341 2420 2374
3097 3098 2984 3052
7556 7618 7563 7541
2508 2557 2501 2543
1716 1731 1719 1715
1740 1778 1729 1708
2278 2227 2265 2265
4335 4268 4268 4276
5391 5499 5451 5416
521 574 585 549
9338 9220 9209 9405
708 719 703 685
7817 7785 7800 7864
7448 7562 7375 7459
2798 2842 2739 2894
92 82 91 69
418 405 384 409
8670 8829 8916 8902
7834 7750 7776 7825
3627 3610 3588 3605
768 717 723 759
4663 4704 4796 4744
2276 2247 2318 2284
4491 4448 4487 4561
7897 7739 7828 7748
4133 4168 4130 4105
4630 4689 4595 4569
2930 3002 2953 2982
4784 4808 4839 4910
5372 5511 5380 5497
5257 5306 5250 5380
4437 4487 4467 4550
4541 4567 4547 4626
7190 7292 7257 7437
2431 2375 2261 2299
2505 2377 2454 2473
3560 3587 3495 3560
5116 5252 5172 5264
2636 2554 2466 2464
4755 4597 4733 4720
2216 2148 2123 2260
6957 6832 7042 6916
3234 3157 3203 3236
2418 2310 2359 2383
2386 2444 2431 2311
5877 5875 5803 5804
1626 1688 1676 1640
3016 3029 2959 2983
1166 1277 1287 1137
658 702 693 674
5619 5519 5747 5614
2530 2640 2549 2603
4891 5041 5058 5158
5150 5237 5294 5386
6228 6270 6400 6423
1020 953 1017 974
4430 4248 4449 4445
2493 2418 2633 2498
3018 2971 3042 3035
3749 3598 3665 3730
5823 5717 5647 5827
591 590 560 544
7070 6993 6918 6956
1667 1645 1662 1700
8436 8307 8323 8395
5446 5457 5443 5425
7319 7327 7287 7264
435 382 383 404
3126 3092 3098 3168
281 284 267 281
1704 1739 1715 1772
1747 1730 1804 1809
3984 4128 4049 4003
499 489 479 469
4927 5136 5052 4985
2785 2749 2693 2711
7779 7821 7880 7878
321 354 340 354
605 603 573 592
5305 5296 5325 5195
1301 1307 1293 1329
180 188 177 185
365 369 370 385
1711 1610 1749 1672
343 318 330 337
3948 4061 4025 3984
1910 1889 1889 1855
6739 6647 6648 6637
5462 5323 5341 5285
2084 2005 2003 2014
4947 5057 4942 5053
4308 4346 4251 4174
1248 1260 1260 1201
7939 7867 7928 7827
335 333 341 276
7550 7235 7275 7454
3970 3785 3760 3907
9797 9552 9529 9755
3097 3057 3075 3035
4689 4667 4556 4561
2970 2982 2928 2992
2723 2721 2646 2697
297 298 301 311
7887 7807 7761 7747
3502 3437 3372 3495
959 902 920 947
7611 7431 7453 7643
6985 7151 7086 6795
1543 1505 1561 1434
2358 2427 2396 2233
2983 3169 3026 3101
92 111 98 112
935 919 914 928
3004 3080 3024 3034
1941 1952 2001 1914
5295 5359 5354 5416
2352 2264 2263 2222
9242 9128 9254 8991
108 93 101 107
2858 2775 2742 2821
7460 7472 7407 7488
4440 4545 4551 4476
6377 6447 6457 6285
101 103 134 102
2521 2634 2678 2659
2308 2291 2170 2234
5826 5848 6032 5875
6606 6586 6702 6738
1024 1001 937 931
3219 3288 3239 3320
8530 8475 8408 8618
5189 5110 5039 5103
1071 1049 1041 1071
3733 3688 3708 3782
4550 4529 4443 4489
4285 4271 4235 4199
6799 6719 6680 6786
1 4 10 11
3436 3391 3333 3485
5945 5936 5993 5896
2373 2331 2335 2363
1302 1357 1328 1286
1243 1250 1343 1215
3065 3074 3069 3023
5614 5531 5574 5596
2275 2272 2272 2385
2207 2131 2144 2202
186 160 189 172
7656 7497 7647 7459
4280 4318 4154 4351
2023 1986 2042 1979
7102 6946 7010 6928
6514 6503 6503 6530
2434 2440 2503 2533
159 178 156 138
944 950 1003 944
5400 5377 5509 5481
1580 1639 1574 1642
4269 4294 4197 4313
5087 5088 4995 4851
7792 7818 7710 7756
963 1004 972 955
2549 2574 2552 2458
5313 5423 5397 5377
4141 4181 4135 4244
1996 2041 2015 2038
3720 3853 3755 4051
172 177 186 198
8859 8786 8781 8708
6458 6395 6355 6322
2504 2537 2574 2542
4008 4054 3988 3989
1636 1624 1527 1583
5169 5128 5175 5109
4225 4203 4196 4177
1814 1787 1707 1819
4979 4792 4841 4805
2374 2384 2138 2339
2138 2046 2233 2192
582 587 594 537
1483 1463 1428 1509
5821 5877 5747 5829
3498 3615 3610 3623
2977 2826 2875 2951
2726 2768 2674 2684
134 146 133 145
3472 3473 3625 3623
1424 1498 1469 1491
5094 5152 5144 5136
701 697 731 715
9188 9156 9170 9171
102 104 102 112
4208 4263 4278 4188
4087 4075 4082 4013
1472 1498 1485 1474
6714 7003 7000 6873
8175 7990 7813 7846
736 793 738 770
3464 3460 3435 3457
5547 5452 5630 5566
811 730 802 813
10674 10570 10762 10760
3513 3457 3496 3534
715 700 697 739
2878 2850 2849 2886
4351 4206 4216 4263
6325 6257 6373 6404
8628 8690 8639 8732
2107 2130 2121 2031
369 379 367 362
1931 1978 1968 1985
4120 4163 4167 4149
5163 5225 5177 5123
7079 7121 6997 7091
4039 3854 4059 4029
523 519 529 499
6019 5869 5982 6068
8605 8555 8537 8657
5873 5805 5899 5909
1505 1449 1453 1473
8091 8305 8307 8417
1405 1469 1382 1422
3595 3597 3681 3551
3028 3064 3059 3033
1850 1928 1898 1953
6517 6575 6670 6618
2985 2960 3090 3048
1756 1783 1803 1717
42 68 74 55
1627 1582 1610 1563
443 385 413 412
5815 5666 5694 5622
6289 6209 6202 6156
5600 5619 5589 5633
581 591 602 606
9021 8853 8893 8771
2478 2610 2443 2508
775 769 738 726
1437 1488 1522 1533
8533 8613 8662 8457
415 413 448 441
764 775 774 853
258 259 233 256
111 119 108 110
3774 3751 3783 3837
7964 7958 7960 8116
14 11 20 14
1178 1087 1168 1149
10368 10337 10406 10434
937 975 978 965
1541 1558 1479 1531
898 880 884 859
1200 1102 1182 1148
1912 1872 1893 1868
4548 4519 4479 4466
1313 1317 1387 1360
1311 1302 1278 1345
3462 3431 3501 3449
5302 5399 5231 5291
1842 1821 1799 1786
2314 2386 2424 2425
10017 10113 10135 10153
10211 10152 10243 10281
1611 1571 1650 1545
5923 5962 5991 5992
3020 3067 3072 3023
6970 7019 7059 7073
4737 4809 4801 4758
1545 1600 1631 1658
303 310 336 345
4119 4156 4125 4164
358 387 360 352
4887 4936 4893 4889
8360 8381 8354 8346
1996 1977 2003 1995
171 173 164 173
4829 4884 4861 4874
481 444 452 446
864 890 916 959
356 387 354 355
4607 4554 4598 4618
5237 5408 5253 5259
2245 2409 2360 2348
598 584 603 581
5404 5495 5446 5364
2450 2420 2519 2421
5409 5405 5486 5501
7100 7059 7016 7105
2303 2448 2453 2367
1363 1288 1304 1360
2338 2292 2304 2343
7207 7174 7229 7058
7358 7325 7391 7304
960 1022 975 1001
603 609 654 671
2706 2652 2684 2736
813 804 865 861
3987 3986 4060 4022
3419 3475 3462 3544
6698 6686 6721 6819
6412 6332 6507 6374
4430 4330 4502 4360
1085 1151 1112 1116
5226 5342 5264 5216
5250 5242 5289 5160
3213 3237 3180 3296
441 487 442 428
10280 10233 10186 10279
1194 1116 1201 1172
22 24 19 31
2840 2862 2804 2942
7642 7615 7525 7780
1289 1359 1344 1284
1317 1301 1268 1314
1379 1316 1338 1305
1039 1040 1142 1031
3286 3323 3271 3213
9667 9576 9710 9533
2939 2912 3052 2900
3570 3598 3519 3717
4899 4683 4769 4753
7080 6993 7070 7133
1484 1563 1504 1599
3877 3911 3852 3761
1214 1155 1124 1131
8118 8051 7967 7846
3560 3521 3510 3508
1818 1942 1876 1890
924 931 916 856
3226 3295 3379 3410
1094 1122 1140 1059
1716 1778 1812 1795
296 345 334 344
156 138 137 161
6759 6756 6873 6848
7425 7398 7441 7435
7036 7148 7039 7159
1304 1347 1257 1279
8839 8890 8890 8915
788 811 810 882
4537 4402 4450 4427
6261 6242 6417 6310
9769 9765 9980 9963
4206 4211 4319 4157
461 482 508 504
6318 6237 6483 6302
569 556 602 595
1529 1489 1477 1458
3508 3461 3377 3502
3228 3296 3261 3217
5892 6007 6032 5915
3561 3636 3618 3635
5528 5648 5643 5612
1786 1761 1680 1796
14 16 19 9
2324 2329 2415 2355
2634 2582 2531 2520
4826 4787 4816 4797
2138 2095 2092 2051
5726 5620 5806 5689
